Date,Governorate,Cases,Deaths,CFR (%),Attack Rate (per 1000),COD Gov English,COD Gov Arabic,COD Gov Pcode
2018-02-18,Amran,103965,176,0.17,89.582,Amran,عمران,29
2018-02-18,Al Mahwit,62887,151,0.24,86.122,Al Mahwit,المحويت,27
2018-02-18,Al Dhale'e,47136,81,0.17,64.438,Al Dhale'e,الضالع,30
2018-02-18,Hajjah,121287,422,0.35,52.060,Hajjah,حجة,17
2018-02-18,Sana'a,76250,123,0.16,51.859,Sana'a,صنعاء,23
2018-02-18,Dhamar,103214,161,0.16,51.292,Dhamar,ذمار,20
2018-02-18,Abyan,28243,35,0.12,49.477,Abyan,أبين,12
2018-02-18,Al Hudaydah,155908,282,0.18,48.147,Al Hudaydah,الحديدة,18
2018-02-18,Al Bayda,30568,36,0.12,40.253,Al Bayda,البيضاء,14
2018-02-18,Amanat Al Asimah,103184,71,0.07,36.489,Amanat Al Asimah,أمانة العاصمة,13
2018-02-18,Raymah,17841,120,0.67,29.403,Raymah,ريمة,31
2018-02-18,Al Jawf,16018,22,0.14,27.685,Al Jawf,الجوف,16
2018-02-18,Lahj,24342,22,0.09,24.128,Lahj,لحج,25
2018-02-18,Aden,20966,62,0.30,22.715,Aden,عدن,24
2018-02-18,Ibb,67129,288,0.43,22.701,Ibb,إب,11
2018-02-18,Taizz,63696,188,0.30,21.244,Taizz,تعز,15
2018-02-18,Marib,7288,7,0.10,20.327,Marib,مأرب,26
2018-02-18,Sa'ada,10706,5,0.05,11.828,Sa'ada,صعدة,22
2018-02-18,Al Maharah,1168,1,0.09,7.866,Al Maharah,المهرة,28
2018-02-18,Shabwah,1399,3,0.21,2.315,Shabwah,شبوة,21
2018-02-18,Moklla,569,2,0.35,1.290,#N/A,#N/A,#N/A
2018-02-18,Say'on,22,0,0.00,0.058,#N/A,#N/A,#N/A
2018-02-11,Amran,103814,176,0.17,89.452,Amran,عمران,29
2018-02-11,Al Mahwit,62606,151,0.24,85.737,Al Mahwit,المحويت,27
2018-02-11,Al Dhale'e,47135,81,0.17,64.436,Al Dhale'e,الضالع,30
2018-02-11,Hajjah,121287,422,0.35,52.060,Hajjah,حجة,17
2018-02-11,Sana'a,75856,123,0.16,51.591,Sana'a,صنعاء,23
2018-02-11,Dhamar,102774,161,0.16,51.074,Dhamar,ذمار,20
2018-02-11,Abyan,28243,35,0.12,49.477,Abyan,أبين,12
2018-02-11,Al Hudaydah,155245,282,0.18,47.942,Al Hudaydah,الحديدة,18
2018-02-11,Al Bayda,30265,36,0.12,39.854,Al Bayda,البيضاء,14
2018-02-11,Amanat Al Asimah,102493,71,0.07,36.244,Amanat Al Asimah,أمانة العاصمة,13
2018-02-11,Raymah,17641,120,0.68,29.073,Raymah,ريمة,31
2018-02-11,Al Jawf,15965,22,0.14,27.593,Al Jawf,الجوف,16
2018-02-11,Lahj,24342,22,0.09,24.128,Lahj,لحج,25
2018-02-11,Aden,20954,62,0.30,22.702,Aden,عدن,24
2018-02-11,Ibb,66609,288,0.43,22.525,Ibb,إب,11
2018-02-11,Taizz,63592,188,0.30,21.209,Taizz,تعز,15
2018-02-11,Marib,7286,7,0.10,20.321,Marib,مأرب,26
2018-02-11,Sa'ada,10706,5,0.05,11.828,Sa'ada,صعدة,22
2018-02-11,Al Maharah,1168,1,0.09,7.866,Al Maharah,المهرة,28
2018-02-11,Shabwah,1399,3,0.21,2.315,Shabwah,شبوة,21
2018-02-11,Moklla,568,2,0.35,1.417,#N/A,#N/A,#N/A
2018-02-11,Say'on,22,0,0.00,0.058,#N/A,#N/A,#N/A
2018-02-04,Amran,103556,176,0.17,89.229,Amran,عمران,29
2018-02-04,Al Mahwit,62275,151,0.24,85.284,Al Mahwit,المحويت,27
2018-02-04,Al Dhale'e,47135,81,0.17,64.436,Al Dhale'e,الضالع,30
2018-02-04,Hajjah,121284,422,0.35,52.059,Hajjah,حجة,17
2018-02-04,Sana'a,75531,123,0.16,51.370,Sana'a,صنعاء,23
2018-02-04,Dhamar,102185,161,0.16,50.781,Dhamar,ذمار,20
2018-02-04,Abyan,28241,35,0.12,49.473,Abyan,أبين,12
2018-02-04,Al Hudaydah,154262,281,0.18,47.638,Al Hudaydah,الحديدة,18
2018-02-04,Al Bayda,29980,35,0.12,39.479,Al Bayda,البيضاء,14
2018-02-04,Amanat Al Asimah,101910,71,0.07,36.038,Amanat Al Asimah,أمانة العاصمة,13
2018-02-04,Raymah,17445,120,0.69,28.750,Raymah,ريمة,31
2018-02-04,Al Jawf,15957,22,0.14,27.579,Al Jawf,الجوف,16
2018-02-04,Lahj,24342,22,0.09,24.128,Lahj,لحج,25
2018-02-04,Aden,20932,62,0.30,22.678,Aden,عدن,24
2018-02-04,Ibb,66147,287,0.43,22.369,Ibb,إب,11
2018-02-04,Taizz,63457,188,0.30,21.164,Taizz,تعز,15
2018-02-04,Marib,7286,7,0.10,20.321,Marib,مأرب,26
2018-02-04,Sa'ada,10706,5,0.05,11.828,Sa'ada,صعدة,22
2018-02-04,Al Maharah,1168,1,0.09,7.866,Al Maharah,المهرة,28
2018-02-04,Shabwah,1399,3,0.21,2.315,Shabwah,شبوة,21
2018-02-04,Moklla,568,2,0.35,1.417,#N/A,#N/A,#N/A
2018-02-04,Say'on,22,0,0.00,0.058,#N/A,#N/A,#N/A
2018-01-28,Amran,103285,176,0.17,88.996,Amran,عمران,29
2018-01-28,Al Mahwit,61927,151,0.00,84.807,Al Mahwit,المحويت,27
2018-01-28,Al Dhale'e,47132,81,0.00,64.432,Al Dhale'e,الضالع,30
2018-01-28,Hajjah,121279,421,0.00,52.057,Hajjah,حجة,17
2018-01-28,Sana'a,75177,123,0.00,51.129,Sana'a,صنعاء,23
2018-01-28,Dhamar,101535,161,0.00,50.458,Dhamar,ذمار,20
2018-01-28,Abyan,28241,35,0.12,49.473,Abyan,أبين,12
2018-01-28,Al Hudaydah,153446,281,0.00,47.386,Al Hudaydah,الحديدة,18
2018-01-28,Al Bayda,29718,34,0.11,39.134,Al Bayda,البيضاء,14
2018-01-28,Amanat Al Asimah,101364,71,0.00,35.845,Amanat Al Asimah,أمانة العاصمة,13
2018-01-28,Raymah,17217,120,1.00,28.375,Raymah,ريمة,31
2018-01-28,Al Jawf,"15,936",22,0.00,27.543,Al Jawf,الجوف,16
2018-01-28,Lahj,24341,22,0.09,24.127,Lahj,لحج,25
2018-01-28,Aden,20908,62,0.30,22.652,Aden,عدن,24
2018-01-28,Ibb,65852,287,0.44,22.269,Ibb,إب,11
2018-01-28,Taizz,63282,187,0.30,21.106,Taizz,تعز,15
2018-01-28,Marib,7286,7,0.10,20.321,Marib,مأرب,26
2018-01-28,Sa'ada,10706,5,0.05,11.828,Sa'ada,صعدة,22
2018-01-28,Al Maharah,1168,1,0.09,7.866,Al Maharah,المهرة,28
2018-01-28,Shabwah,1399,3,0.21,2.315,Shabwah,شبوة,21
2018-01-28,Moklla,568,2,0.35,1.417,#N/A,#N/A,#N/A
2018-01-28,Say'on,22,0,0.00,0.058,#N/A,#N/A,#N/A
2018-01-21,Amran,102917,175,0.00,88.679,Amran,عمران,29
2018-01-21,Al Mahwit,61564,149,0.24,84.310,Al Mahwit,المحويت,27
2018-01-21,Al Dhale'e,47132,81,0.17,64.432,Al Dhale'e,الضالع,30
2018-01-21,Hajjah,121254,421,0.00,52.046,Hajjah,حجة,17
2018-01-21,Sana'a,74781,123,0.16,50.859,Sana'a,صنعاء,23
2018-01-21,Dhamar,100842,161,0.00,50.114,Dhamar,ذمار,20
2018-01-21,Abyan,28241,35,0.00,49.473,Abyan,أبين,12
2018-01-21,Al Hudaydah,152592,281,0.00,47.122,Al Hudaydah,الحديدة,18
2018-01-21,Al Bayda,29269,34,0.00,38.543,Al Bayda,البيضاء,14
2018-01-21,Amanat Al Asimah,100596,70,0.00,35.574,Amanat Al Asimah,أمانة العاصمة,13
2018-01-21,Raymah,16853,120,0.71,27.775,Raymah,ريمة,31
2018-01-21,Al Jawf,15869,22,0.14,27.427,Al Jawf,الجوف,16
2018-01-21,Lahj,24341,22,0.09,24.127,Lahj,لحج,25
2018-01-21,Aden,20887,62,0.00,22.630,Aden,عدن,24
2018-01-21,Ibb,65339,287,0.44,22.095,Ibb,إب,11
2018-01-21,Taizz,63050,187,0.00,21.029,Taizz,تعز,15
2018-01-21,Marib,7285,7,0.10,20.318,Marib,مأرب,26
2018-01-21,Sa'ada,10705,5,0.05,11.827,Sa'ada,صعدة,22
2018-01-21,Al Maharah,1168,1,0.00,7.866,Al Maharah,المهرة,28
2018-01-21,Shabwah,1399,3,0.00,2.315,Shabwah,شبوة,21
2018-01-21,Moklla,568,2,0.35,1.417,#N/A,#N/A,#N/A
2018-01-21,Say'on,22,0,0.00,0.096,#N/A,#N/A,#N/A
2018-01-14,Amran,102231,175,0.17,88.088,Amran,عمران,29
2018-01-14,Al Mahwit,61097,149,0.24,83.671,Al Mahwit,المحويت,27
2018-01-14,Al Dhale'e,47132,81,0.17,64.432,Al Dhale'e,الضالع,30
2018-01-14,Hajjah,118468,420,0.35,50.850,Hajjah,حجة,17
2018-01-14,Sana'a,74103,123,0.17,50.398,Sana'a,صنعاء,23
2018-01-14,Dhamar,99766,160,0.16,49.579,Dhamar,ذمار,20
2018-01-14,Abyan,28241,35,0.12,49.473,Abyan,أبين,12
2018-01-14,Al Hudaydah,150965,280,0.19,46.620,Al Hudaydah,الحديدة,18
2018-01-14,Al Bayda,28730,34,0.12,37.833,Al Bayda,البيضاء,14
2018-01-14,Amanat Al Asimah,99452,70,0.07,35.169,Amanat Al Asimah,أمانة العاصمة,13
2018-01-14,Al Jawf,15827,22,0.14,27.355,Al Jawf,الجوف,16
2018-01-14,Raymah,16403,120,0.73,27.033,Raymah,ريمة,31
2018-01-14,Lahj,24341,22,0.09,24.127,Lahj,لحج,25
2018-01-14,Aden,20868,62,0.30,22.609,Aden,عدن,24
2018-01-14,Ibb,64536,286,0.44,21.824,Ibb,إب,11
2018-01-14,Taizz,62371,187,0.30,20.802,Taizz,تعز,15
2018-01-14,Marib,7285,7,0.10,20.318,Marib,مأرب,26
2018-01-14,Sa'ada,10703,5,0.05,11.825,Sa'ada,صعدة,22
2018-01-14,Al Maharah,1168,1,0.09,7.866,Al Maharah,المهرة,28
2018-01-14,Shabwah,1399,3,0.21,2.315,Shabwah,شبوة,21
2018-01-14,Moklla,568,2,0.35,1.417,#N/A,#N/A,#N/A
2018-01-14,Say'on,22,0,0.00,0.100,#N/A,#N/A,#N/A
2018-01-07,Amran,101793,174,0.17,87.710,Amran,عمران,29
2018-01-07,Al Mahwit,60805,149,0.25,83.271,Al Mahwit,المحويت,27
2018-01-07,Al Dhale'e,47126,81,0.17,64.424,Al Dhale'e,الضالع,30
2018-01-07,Hajjah,117646,420,0.36,50.497,Hajjah,حجة,17
2018-01-07,Sana'a,73266,123,0.17,49.829,Sana'a,صنعاء,23
2018-01-07,Abyan,28241,35,0.12,49.473,Abyan,أبين,12
2018-01-07,Dhamar,98861,160,0.16,49.129,Dhamar,ذمار,20
2018-01-07,Al Hudaydah,150319,278,0.18,46.421,Al Hudaydah,الحديدة,18
2018-01-07,Al Bayda,28452,34,0.12,37.467,Al Bayda,البيضاء,14
2018-01-07,Amanat Al Asimah,98975,70,0.07,35.000,Amanat Al Asimah,أمانة العاصمة,13
2018-01-07,Al Jawf,15821,22,0.14,27.344,Al Jawf,الجوف,16
2018-01-07,Raymah,15924,120,0.75,26.244,Raymah,ريمة,31
2018-01-07,Lahj,24334,22,0.09,24.120,Lahj,لحج,25
2018-01-07,Aden,20846,62,0.30,22.585,Aden,عدن,24
2018-01-07,Ibb,64128,286,0.45,21.686,Ibb,إب,11
2018-01-07,Taizz,62036,187,0.30,20.690,Taizz,تعز,15
2018-01-07,Marib,7285,7,0.10,20.318,Marib,مأرب,26
2018-01-07,Sa'ada,10702,5,0.05,11.824,Sa'ada,صعدة,22
2018-01-07,Al Maharah,1168,1,0.09,7.866,Al Maharah,المهرة,28
2018-01-07,Shabwah,1399,3,0.21,2.315,Shabwah,شبوة,21
2018-01-07,Moklla,568,2,0.35,1.417,#N/A,#N/A,#N/A
2018-01-07,Say'on,22,0,0.00,0.100,#N/A,#N/A,#N/A
2017-12-31,Amran,100981,174,0.17,87.011,Amran,عمران,29
2017-12-31,Al Mahwit,60212,149,0.25,82.459,Al Mahwit,المحويت,27
2017-12-31,Al Dhale'e,47115,81,0.17,64.409,Al Dhale'e,الضالع,30
2017-12-31,Hajjah,116247,419,0.36,49.897,Hajjah,حجة,17
2017-12-31,Abyan,28241,35,0.12,49.473,Abyan,أبين,12
2017-12-31,Sana'a,72300,123,0.17,49.172,Sana'a,صنعاء,23
2017-12-31,Dhamar,97741,160,0.16,48.573,Dhamar,ذمار,20
2017-12-31,Al Hudaydah,149041,277,0.19,46.026,Al Hudaydah,الحديدة,18
2017-12-31,Al Bayda,27990,33,0.12,36.859,Al Bayda,البيضاء,14
2017-12-31,Amanat Al Asimah,98105,70,0.07,34.693,Amanat Al Asimah,أمانة العاصمة,13
2017-12-31,Al Jawf,15792,22,0.14,27.294,Al Jawf,الجوف,16
2017-12-31,Raymah,15456,120,0.78,25.472,Raymah,ريمة,31
2017-12-31,Aden,20819,62,0.30,22.556,Aden,عدن,24
2017-12-31,Lahj,22669,21,0.09,22.470,Lahj,لحج,25
2017-12-31,Ibb,63625,286,0.45,21.516,Ibb,إب,11
2017-12-31,Taizz,61631,187,0.30,20.555,Taizz,تعز,15
2017-12-31,Marib,7277,7,0.10,20.296,Marib,مأرب,26
2017-12-31,Sa'ada,10647,5,0.05,11.763,Sa'ada,صعدة,22
2017-12-31,Al Maharah,1168,1,0.09,7.866,Al Maharah,المهرة,28
2017-12-31,Shabwah,1399,3,0.21,2.315,Shabwah,شبوة,21
2017-12-31,Moklla,568,2,0.35,1.417,#N/A,#N/A,#N/A
2017-12-31,Say'on,20,0,0.00,0.091,#N/A,#N/A,#N/A
2017-12-17,Amran,98452,174,0.18,84.832,Amran,عمران,29
2017-12-17,Al Mahwit,58828,149,0.25,80.563,Al Mahwit,المحويت,27
2017-12-17,Al Dhale'e,47089,81,0.17,64.374,Al Dhale'e,الضالع,30
2017-12-17,Abyan,28228,35,0.12,49.451,Abyan,أبين,12
2017-12-17,Hajjah,111598,417,0.37,47.901,Hajjah,حجة,17
2017-12-17,Sana'a,70322,123,0.17,47.827,Sana'a,صنعاء,23
2017-12-17,Dhamar,95054,160,0.17,47.237,Dhamar,ذمار,20
2017-12-17,Al Hudaydah,145559,273,0.19,44.951,Al Hudaydah,الحديدة,18
2017-12-17,Al Bayda,27550,33,0.12,36.279,Al Bayda,البيضاء,14
2017-12-17,Amanat Al Asimah,95298,70,0.07,33.700,Amanat Al Asimah,أمانة العاصمة,13
2017-12-17,Al Jawf,15487,22,0.14,26.767,Al Jawf,الجوف,16
2017-12-17,Raymah,15071,119,0.79,24.838,Raymah,ريمة,31
2017-12-17,Lahj,22639,21,0.09,22.440,Lahj,لحج,25
2017-12-17,Aden,20566,62,0.30,22.282,Aden,عدن,24
2017-12-17,Ibb,62196,285,0.46,21.032,Ibb,إب,11
2017-12-17,Taizz,60443,184,0.30,20.159,Taizz,تعز,15
2017-12-17,Marib,6906,7,0.10,19.261,Marib,مأرب,26
2017-12-17,Sa'ada,10312,5,0.05,11.393,Sa'ada,صعدة,22
2017-12-17,Al Maharah,1168,1,0.09,7.866,Al Maharah,المهرة,28
2017-12-17,Shabwah,1397,3,0.21,2.312,Shabwah,شبوة,21
2017-12-17,Moklla,568,2,0.35,1.417,#N/A,#N/A,#N/A
2017-12-17,Say'on,20,0,0.00,0.091,#N/A,#N/A,#N/A
2017-11-26,Amran,94581,174,0.18,81.496,Amran,عمران,29
2017-11-26,Al Mahwit,56447,148,0.26,77.303,Al Mahwit,المحويت,27
2017-11-26,Al Dhale'e,47004,81,0.17,64.257,Al Dhale'e,الضالع,30
2017-11-26,Abyan,28103,35,0.12,49.232,Abyan,أبين,12
2017-11-26,Sana'a,68453,122,0.18,46.556,Sana'a,صنعاء,23
2017-11-26,Hajjah,106933,417,0.39,45.899,Hajjah,حجة,17
2017-11-26,Dhamar,90560,160,0.18,45.004,Dhamar,ذمار,20
2017-11-26,Al Hudaydah,139145,271,0.19,42.970,Al Hudaydah,الحديدة,18
2017-11-26,Al Bayda,26793,33,0.12,35.282,Al Bayda,البيضاء,14
2017-11-26,Amanat Al Asimah,91799,70,0.08,32.463,Amanat Al Asimah,أمانة العاصمة,13
2017-11-26,Al Jawf,14689,22,0.15,25.388,Al Jawf,الجوف,16
2017-11-26,Raymah,14497,117,0.81,23.892,Raymah,ريمة,31
2017-11-26,Lahj,22596,21,0.09,22.397,Lahj,لحج,25
2017-11-26,Aden,20286,62,0.31,21.978,Aden,عدن,24
2017-11-26,Ibb,59932,284,0.47,20.267,Ibb,إب,11
2017-11-26,Taizz,58223,184,0.32,19.419,Taizz,تعز,15
2017-11-26,Marib,6897,7,0.10,19.236,Marib,مأرب,26
2017-11-26,Sa'ada,9722,5,0.05,10.741,Sa'ada,صعدة,22
2017-11-26,Al Maharah,1167,1,0.09,7.860,Al Maharah,المهرة,28
2017-11-26,Shabwah,1396,3,0.21,2.310,Shabwah,شبوة,21
2017-11-26,Moklla,568,2,0.35,1.417,#N/A,#N/A,#N/A
2017-11-26,Say'on,19,0,0.00,0.086,#N/A,#N/A,#N/A
2017-11-19,Amran,93041,174,0.19,80.169,Amran,عمران,29
2017-11-19,Al Mahwit,55551,148,0.27,76.075,Al Mahwit,المحويت,27
2017-11-19,Al Dhale'e,46927,81,0.17,64.152,Al Dhale'e,الضالع,30
2017-11-19,Abyan,28048,35,0.12,49.135,Abyan,أبين,12
2017-11-19,Sana'a,67611,122,0.18,45.983,Sana'a,صنعاء,23
2017-11-19,Hajjah,104838,416,0.40,45.000,Hajjah,حجة,17
2017-11-19,Dhamar,88515,158,0.18,43.988,Dhamar,ذمار,20
2017-11-19,Al Hudaydah,136937,270,0.20,42.288,Al Hudaydah,الحديدة,18
2017-11-19,Al Bayda,26532,32,0.12,34.939,Al Bayda,البيضاء,14
2017-11-19,Amanat Al Asimah,90486,69,0.08,31.998,Amanat Al Asimah,أمانة العاصمة,13
2017-11-19,Al Jawf,14344,22,0.15,24.792,Al Jawf,الجوف,16
2017-11-19,Raymah,14265,116,0.81,23.509,Raymah,ريمة,31
2017-11-19,Lahj,22569,21,0.09,22.371,Lahj,لحج,25
2017-11-19,Aden,20171,62,0.31,21.854,Aden,عدن,24
2017-11-19,Ibb,59074,283,0.48,19.977,Ibb,إب,11
2017-11-19,Taizz,57367,184,0.32,19.133,Taizz,تعز,15
2017-11-19,Marib,6619,7,0.11,18.461,Marib,مأرب,26
2017-11-19,Sa'ada,9322,5,0.05,10.299,Sa'ada,صعدة,22
2017-11-19,Al Maharah,1166,1,0.09,7.853,Al Maharah,المهرة,28
2017-11-19,Shabwah,1392,3,0.22,2.304,Shabwah,شبوة,21
2017-11-19,Moklla,568,2,0.35,1.417,#N/A,#N/A,#N/A
2017-11-19,Say'on,19,0,0.00,0.086,#N/A,#N/A,#N/A
2017-11-08,Amran,"89,729",170,0.19,77.315,Amran,عمران,29
2017-11-08,Al Mahwit,"52,920",145,0.27,72.472,Al Mahwit,المحويت,27
2017-11-08,Al Dhale'e,"46,721",81,0.17,63.870,Al Dhale'e,الضالع,30
2017-11-08,Abyan,"27,957",35,0.13,48.976,Abyan,أبين,12
2017-11-08,Sana'a,"66,086",122,0.18,44.946,Sana'a,صنعاء,23
2017-11-08,Hajjah,"100,850",414,0.41,43.288,Hajjah,حجة,17
2017-11-08,Dhamar,"84,741",157,0.19,42.112,Dhamar,ذمار,20
2017-11-08,Al Hudaydah,"131,827",268,0.20,40.710,Al Hudaydah,الحديدة,18
2017-11-08,Al Bayda,"25,905",31,0.12,34.113,Al Bayda,البيضاء,14
2017-11-08,Amanat Al Asimah,"87,578",68,0.08,30.970,Amanat Al Asimah,أمانة العاصمة,13
2017-11-08,Al Jawf,"13,722",22,0.16,23.716,Al Jawf,الجوف,16
2017-11-08,Raymah,"13,903",116,0.83,22.913,Raymah,ريمة,31
2017-11-08,Lahj,"22,524",21,0.09,22.326,Lahj,لحج,25
2017-11-08,Aden,"19,816",62,0.31,21.469,Aden,عدن,24
2017-11-08,Ibb,"57,136",282,0.49,19.321,Ibb,إب,11
2017-11-08,Taizz,"54,422",184,0.34,18.151,Taizz,تعز,15
2017-11-08,Marib,"6,102",7,0.11,17.019,Marib,مأرب,26
2017-11-08,Sa'ada,"8,662",5,0.06,9.570,Sa'ada,صعدة,22
2017-11-08,Al Maharah,"1,164",1,0.09,7.840,Al Maharah,المهرة,28
2017-11-08,Shabwah,"1,390",3,0.22,2.300,Shabwah,شبوة,21
2017-11-08,Moklla,568,2,0.35,1.417,#N/A,#N/A,#N/A
2017-11-08,Say'on,18,0,0.00,0.082,#N/A,#N/A,#N/A
2017-11-07,Amran,"89,411",170,0.19,77.041,Amran,عمران,29
2017-11-07,Al Mahwit,"52,777",145,0.27,72.277,Al Mahwit,المحويت,27
2017-11-07,Al Dhale'e,"46,721",81,0.17,63.870,Al Dhale'e,الضالع,30
2017-11-07,Abyan,"27,941",35,0.13,48.948,Abyan,أبين,12
2017-11-07,Sana'a,"65,925",122,0.19,44.836,Sana'a,صنعاء,23
2017-11-07,Hajjah,"100,640",414,0.41,43.198,Hajjah,حجة,17
2017-11-07,Dhamar,"84,347",157,0.19,41.916,Dhamar,ذمار,20
2017-11-07,Al Hudaydah,"131,342",268,0.20,40.560,Al Hudaydah,الحديدة,18
2017-11-07,Al Bayda,"25,856",30,0.12,34.048,Al Bayda,البيضاء,14
2017-11-07,Amanat Al Asimah,"87,293",68,0.08,30.869,Amanat Al Asimah,أمانة العاصمة,13
2017-11-07,Al Jawf,"13,663",22,0.16,23.615,Al Jawf,الجوف,16
2017-11-07,Raymah,"13,873",116,0.84,22.863,Raymah,ريمة,31
2017-11-07,Lahj,"22,520",21,0.09,22.322,Lahj,لحج,25
2017-11-07,Aden,"19,786",62,0.31,21.437,Aden,عدن,24
2017-11-07,Ibb,"57,065",282,0.49,19.297,Ibb,إب,11
2017-11-07,Taizz,"54,018",184,0.34,18.016,Taizz,تعز,15
2017-11-07,Marib,"6,101",7,0.11,17.016,Marib,مأرب,26
2017-11-07,Sa'ada,"8,577",5,0.06,9.476,Sa'ada,صعدة,22
2017-11-07,Al Maharah,"1,164",1,0.09,7.840,Al Maharah,المهرة,28
2017-11-07,Shabwah,"1,390",3,0.22,2.300,Shabwah,شبوة,21
2017-11-07,Moklla,568,2,0.35,1.417,#N/A,#N/A,#N/A
2017-11-07,Say'on,18,0,0.00,0.082,#N/A,#N/A,#N/A
2017-11-06,Amran,"89,162",170,0.19,76.827,Amran,عمران,29
2017-11-06,Al Mahwit,"52,777",145,0.27,72.277,Al Mahwit,المحويت,27
2017-11-06,Al Dhale'e,"46,679",81,0.17,63.813,Al Dhale'e,الضالع,30
2017-11-06,Abyan,"27,936",35,0.13,48.939,Abyan,أبين,12
2017-11-06,Sana'a,"65,786",122,0.19,44.742,Sana'a,صنعاء,23
2017-11-06,Hajjah,"100,308",414,0.41,43.055,Hajjah,حجة,17
2017-11-06,Dhamar,"83,967",156,0.19,41.728,Dhamar,ذمار,20
2017-11-06,Al Hudaydah,"130,943",268,0.20,40.437,Al Hudaydah,الحديدة,18
2017-11-06,Al Bayda,"25,814",30,0.12,33.993,Al Bayda,البيضاء,14
2017-11-06,Amanat Al Asimah,"87,064",68,0.08,30.788,Amanat Al Asimah,أمانة العاصمة,13
2017-11-06,Al Jawf,"13,602",22,0.16,23.509,Al Jawf,الجوف,16
2017-11-06,Raymah,"13,829",116,0.84,22.791,Raymah,ريمة,31
2017-11-06,Lahj,"22,514",21,0.09,22.316,Lahj,لحج,25
2017-11-06,Aden,"19,757",62,0.31,21.405,Aden,عدن,24
2017-11-06,Ibb,"56,895",282,0.50,19.240,Ibb,إب,11
2017-11-06,Taizz,"53,938",184,0.34,17.990,Taizz,تعز,15
2017-11-06,Marib,"6,096",7,0.11,17.002,Marib,مأرب,26
2017-11-06,Sa'ada,"8,495",5,0.06,9.385,Sa'ada,صعدة,22
2017-11-06,Al Maharah,"1,164",1,0.09,7.840,Al Maharah,المهرة,28
2017-11-06,Shabwah,"1,390",3,0.22,2.300,Shabwah,شبوة,21
2017-11-06,Moklla,568,2,0.35,1.417,#N/A,#N/A,#N/A
2017-11-06,Say'on,18,0,0.00,0.082,#N/A,#N/A,#N/A
2017-11-05,Amran,88847,170,0.19,76.555,Amran,عمران,29
2017-11-05,Al Mahwit,52607,145,0.28,72.044,Al Mahwit,المحويت,27
2017-11-05,Al Dhale'e,46634,80,0.17,63.752,Al Dhale'e,الضالع,30
2017-11-05,Abyan,27911,35,0.13,48.895,Abyan,أبين,12
2017-11-05,Sana'a,65625,122,0.19,44.632,Sana'a,صنعاء,23
2017-11-05,Hajjah,100191,414,0.41,43.005,Hajjah,حجة,17
2017-11-05,Dhamar,83610,156,0.19,41.550,Dhamar,ذمار,20
2017-11-05,Al Hudaydah,130390,268,0.21,40.266,Al Hudaydah,الحديدة,18
2017-11-05,Al Bayda,25771,30,0.12,33.937,Al Bayda,البيضاء,14
2017-11-05,Amanat Al Asimah,86788,68,0.08,30.691,Amanat Al Asimah,أمانة العاصمة,13
2017-11-05,Al Jawf,13543,21,0.16,23.407,Al Jawf,الجوف,16
2017-11-05,Raymah,13741,116,0.84,22.646,Raymah,ريمة,31
2017-11-05,Lahj,22508,21,0.09,22.310,Lahj,لحج,25
2017-11-05,Aden,19711,62,0.31,21.355,Aden,عدن,24
2017-11-05,Ibb,56720,282,0.50,19.181,Ibb,إب,11
2017-11-05,Taizz,53744,184,0.34,17.925,Taizz,تعز,15
2017-11-05,Marib,6096,7,0.11,17.002,Marib,مأرب,26
2017-11-05,Sa'ada,8419,5,0.06,9.301,Sa'ada,صعدة,22
2017-11-05,Al Maharah,1164,1,0.09,7.840,Al Maharah,المهرة,28
2017-11-05,Shabwah,1389,3,0.22,2.299,Shabwah,شبوة,21
2017-11-05,Moklla,568,2,0.35,1.417,#N/A,#N/A,#N/A
2017-11-05,Say'on,18,0,0.00,0.082,#N/A,#N/A,#N/A
2017-11-04,Amran,"88,434",170,0.19,76.199,Amran,عمران,29
2017-11-04,Al Mahwit,"52,415",145,0.28,71.781,Al Mahwit,المحويت,27
2017-11-04,Al Dhale'e,"46,581",80,0.17,63.679,Al Dhale'e,الضالع,30
2017-11-04,Abyan,"27,911",35,0.13,48.895,Abyan,أبين,12
2017-11-04,Sana'a,"65,484",122,0.19,44.536,Sana'a,صنعاء,23
2017-11-04,Hajjah,"99,522",413,0.41,42.718,Hajjah,حجة,17
2017-11-04,Dhamar,"83,229",156,0.19,41.361,Dhamar,ذمار,20
2017-11-04,Al Hudaydah,"129,896",268,0.21,40.114,Al Hudaydah,الحديدة,18
2017-11-04,Al Bayda,"25,711",30,0.12,33.858,Al Bayda,البيضاء,14
2017-11-04,Amanat Al Asimah,"86,420",68,0.08,30.561,Amanat Al Asimah,أمانة العاصمة,13
2017-11-04,Al Jawf,"13,483",21,0.16,23.303,Al Jawf,الجوف,16
2017-11-04,Raymah,"13,740",116,0.84,22.644,Raymah,ريمة,31
2017-11-04,Lahj,"22,505",21,0.09,22.307,Lahj,لحج,25
2017-11-04,Aden,"19,674",62,0.32,21.315,Aden,عدن,24
2017-11-04,Ibb,"56,668",282,0.50,19.163,Ibb,إب,11
2017-11-04,Taizz,"53,525",184,0.34,17.852,Taizz,تعز,15
2017-11-04,Marib,"6,096",7,0.11,17.002,Marib,مأرب,26
2017-11-04,Sa'ada,"8,352",5,0.06,9.227,Sa'ada,صعدة,22
2017-11-04,Al Maharah,"1,164",1,0.09,7.840,Al Maharah,المهرة,28
2017-11-04,Shabwah,"1,389",3,0.22,2.299,Shabwah,شبوة,21
2017-11-04,Moklla,568,2,0.35,1.417,#N/A,#N/A,#N/A
2017-11-04,Say'on,18,0,0.00,0.082,#N/A,#N/A,#N/A
2017-11-03,Amran,88146,170,0.19,75.951,Amran,عمران,29
2017-11-03,Al Mahwit,52181,145,0.28,71.460,Al Mahwit,المحويت,27
2017-11-03,Al Dhale'e,46492,80,0.17,63.557,Al Dhale'e,الضالع,30
2017-11-03,Abyan,27896,35,0.13,48.869,Abyan,أبين,12
2017-11-03,Sana'a,65339,122,0.19,44.438,Sana'a,صنعاء,23
2017-11-03,Hajjah,99312,411,0.41,42.628,Hajjah,حجة,17
2017-11-03,Dhamar,82863,156,0.19,41.179,Dhamar,ذمار,20
2017-11-03,Al Hudaydah,129538,268,0.21,40.003,Al Hudaydah,الحديدة,18
2017-11-03,Al Bayda,25651,30,0.12,33.779,Al Bayda,البيضاء,14
2017-11-03,Amanat Al Asimah,86324,68,0.08,30.527,Amanat Al Asimah,أمانة العاصمة,13
2017-11-03,Al Jawf,13412,21,0.16,23.181,Al Jawf,الجوف,16
2017-11-03,Raymah,13671,116,0.85,22.531,Raymah,ريمة,31
2017-11-03,Lahj,22503,21,0.09,22.305,Lahj,لحج,25
2017-11-03,Aden,19616,62,0.32,21.253,Aden,عدن,24
2017-11-03,Ibb,56537,281,0.50,19.119,Ibb,إب,11
2017-11-03,Taizz,53332,184,0.35,17.787,Taizz,تعز,15
2017-11-03,Marib,6096,7,0.11,17.002,Marib,مأرب,26
2017-11-03,Sa'ada,8264,5,0.06,9.130,Sa'ada,صعدة,22
2017-11-03,Al Maharah,1164,1,0.09,7.840,Al Maharah,المهرة,28
2017-11-03,Shabwah,1389,3,0.22,2.299,Shabwah,شبوة,21
2017-11-03,Moklla,568,2,0.35,1.417,#N/A,#N/A,#N/A
2017-11-03,Say'on,18,0,0.00,0.082,#N/A,#N/A,#N/A
2017-10-30,Amran,86598,170,0.20,74.617,Amran,عمران,29
2017-10-30,Al Mahwit,51480,143,0.28,70.500,Al Mahwit,المحويت,27
2017-10-30,Al Dhale'e,46323,80,0.17,63.326,Al Dhale'e,الضالع,30
2017-10-30,Abyan,27804,35,0.13,48.708,Abyan,أبين,12
2017-10-30,Sana'a,64710,122,0.19,44.010,Sana'a,صنعاء,23
2017-10-30,Hajjah,97519,410,0.42,41.858,Hajjah,حجة,17
2017-10-30,Dhamar,81297,156,0.19,40.401,Dhamar,ذمار,20
2017-10-30,Al Hudaydah,127366,268,0.21,39.332,Al Hudaydah,الحديدة,18
2017-10-30,Al Bayda,25369,30,0.12,33.407,Al Bayda,البيضاء,14
2017-10-30,Amanat Al Asimah,85073,68,0.08,30.084,Amanat Al Asimah,أمانة العاصمة,13
2017-10-30,Al Jawf,13205,21,0.16,22.823,Al Jawf,الجوف,16
2017-10-30,Raymah,13568,116,0.85,22.361,Raymah,ريمة,31
2017-10-30,Lahj,22481,21,0.09,22.283,Lahj,لحج,25
2017-10-30,Aden,19397,62,0.32,21.015,Aden,عدن,24
2017-10-30,Ibb,56109,281,0.50,18.974,Ibb,إب,11
2017-10-30,Taizz,52096,183,0.35,17.375,Taizz,تعز,15
2017-10-30,Marib,5943,7,0.12,16.575,Marib,مأرب,26
2017-10-30,Sa'ada,7968,5,0.06,8.803,Sa'ada,صعدة,22
2017-10-30,Al Maharah,1164,1,0.09,7.840,Al Maharah,المهرة,28
2017-10-30,Shabwah,1384,3,0.22,2.290,Shabwah,شبوة,21
2017-10-30,Moklla,568,2,0.35,1.417,#N/A,#N/A,#N/A
2017-10-30,Say'on,18,0,0.00,0.082,#N/A,#N/A,#N/A
2017-10-29,Amran,86304,170,0.20,74.364,Amran,عمران,29
2017-10-29,Al Mahwit,51167,143,0.28,70.072,Al Mahwit,المحويت,27
2017-10-29,Al Dhale'e,46213,80,0.17,63.176,Al Dhale'e,الضالع,30
2017-10-29,Abyan,27783,35,0.13,48.671,Abyan,أبين,12
2017-10-29,Sana'a,64507,122,0.19,43.872,Sana'a,صنعاء,23
2017-10-29,Hajjah,97093,410,0.42,41.675,Hajjah,حجة,17
2017-10-29,Dhamar,80846,156,0.19,40.177,Dhamar,ذمار,20
2017-10-29,Al Hudaydah,126830,268,0.21,39.167,Al Hudaydah,الحديدة,18
2017-10-29,Al Bayda,25351,30,0.12,33.383,Al Bayda,البيضاء,14
2017-10-29,Amanat Al Asimah,84836,68,0.08,30.000,Amanat Al Asimah,أمانة العاصمة,13
2017-10-29,Al Jawf,13144,21,0.16,22.717,Al Jawf,الجوف,16
2017-10-29,Raymah,13528,116,0.86,22.295,Raymah,ريمة,31
2017-10-29,Lahj,22480,21,0.09,22.282,Lahj,لحج,25
2017-10-29,Aden,19347,62,0.32,20.961,Aden,عدن,24
2017-10-29,Ibb,55931,281,0.50,18.914,Ibb,إب,11
2017-10-29,Taizz,52096,183,0.35,17.375,Taizz,تعز,15
2017-10-29,Marib,5892,7,0.12,16.433,Marib,مأرب,26
2017-10-29,Sa'ada,7886,5,0.06,8.712,Sa'ada,صعدة,22
2017-10-29,Al Maharah,1164,1,0.09,7.840,Al Maharah,المهرة,28
2017-10-29,Shabwah,1384,3,0.22,2.290,Shabwah,شبوة,21
2017-10-29,Moklla,568,2,0.35,1.417,#N/A,#N/A,#N/A
2017-10-29,Say'on,18,0,0.00,0.082,#N/A,#N/A,#N/A
2017-10-28,Amran,85989,170,0.20,74.093,Amran,عمران,29
2017-10-28,Al Mahwit,50953,143,0.28,69.779,Al Mahwit,المحويت,27
2017-10-28,Al Dhale'e,46112,80,0.17,63.038,Al Dhale'e,الضالع,30
2017-10-28,Abyan,27781,35,0.13,48.668,Abyan,أبين,12
2017-10-28,Sana'a,64308,122,0.19,43.737,Sana'a,صنعاء,23
2017-10-28,Hajjah,96543,409,0.42,41.439,Hajjah,حجة,17
2017-10-28,Dhamar,80437,156,0.19,39.973,Dhamar,ذمار,20
2017-10-28,Al Hudaydah,126318,268,0.21,39.009,Al Hudaydah,الحديدة,18
2017-10-28,Al Bayda,25270,30,0.12,33.277,Al Bayda,البيضاء,14
2017-10-28,Amanat Al Asimah,84593,68,0.08,29.915,Amanat Al Asimah,أمانة العاصمة,13
2017-10-28,Al Jawf,13089,21,0.16,22.622,Al Jawf,الجوف,16
2017-10-28,Lahj,22474,21,0.09,22.277,Lahj,لحج,25
2017-10-28,Raymah,13470,116,0.86,22.199,Raymah,ريمة,31
2017-10-28,Aden,19309,62,0.32,20.920,Aden,عدن,24
2017-10-28,Ibb,55789,281,0.50,18.866,Ibb,إب,11
2017-10-28,Taizz,51798,183,0.35,17.276,Taizz,تعز,15
2017-10-28,Marib,5804,7,0.12,16.188,Marib,مأرب,26
2017-10-28,Sa'ada,7816,5,0.06,8.635,Sa'ada,صعدة,22
2017-10-28,Al Maharah,1164,1,0.09,7.840,Al Maharah,المهرة,28
2017-10-28,Shabwah,1384,3,0.22,2.290,Shabwah,شبوة,21
2017-10-28,Moklla,568,2,0.35,1.417,#N/A,#N/A,#N/A
2017-10-28,Say'on,18,0,0.00,0.082,#N/A,#N/A,#N/A
2017-10-25,Amran,85241,170,0.20,73.448,Amran,عمران,29
2017-10-25,Al Mahwit,50191,143,0.28,68.735,Al Mahwit,المحويت,27
2017-10-25,Al Dhale'e,45786,80,0.17,62.592,Al Dhale'e,الضالع,30
2017-10-25,Abyan,27724,35,0.13,48.568,Abyan,أبين,12
2017-10-25,Sana'a,63687,122,0.19,43.314,Sana'a,صنعاء,23
2017-10-25,Hajjah,95865,409,0.43,41.148,Hajjah,حجة,17
2017-10-25,Dhamar,79200,156,0.20,39.359,Dhamar,ذمار,20
2017-10-25,Al Hudaydah,124636,267,0.21,38.489,Al Hudaydah,الحديدة,18
2017-10-25,Al Bayda,25110,29,0.12,33.066,Al Bayda,البيضاء,14
2017-10-25,Amanat Al Asimah,83764,68,0.08,29.621,Amanat Al Asimah,أمانة العاصمة,13
2017-10-25,Al Jawf,12932,21,0.16,22.351,Al Jawf,الجوف,16
2017-10-25,Lahj,22469,21,0.09,22.272,Lahj,لحج,25
2017-10-25,Raymah,13360,116,0.87,22.018,Raymah,ريمة,31
2017-10-25,Aden,19209,62,0.32,20.812,Aden,عدن,24
2017-10-25,Ibb,55273,280,0.51,18.691,Ibb,إب,11
2017-10-25,Taizz,51634,183,0.35,17.221,Taizz,تعز,15
2017-10-25,Marib,5699,7,0.12,15.895,Marib,مأرب,26
2017-10-25,Sa'ada,7502,5,0.07,8.288,Sa'ada,صعدة,22
2017-10-25,Al Maharah,1164,1,0.09,7.840,Al Maharah,المهرة,28
2017-10-25,Shabwah,1384,3,0.22,2.290,Shabwah,شبوة,21
2017-10-25,Moklla,568,2,0.35,1.417,#N/A,#N/A,#N/A
2017-10-25,Say'on,17,0,0.00,0.077,#N/A,#N/A,#N/A
2017-10-22,Amran,"84,410",170,0.20,72.732,Amran,عمران,29
2017-10-22,Al Mahwit,"49,611",142,0.29,67.941,Al Mahwit,المحويت,27
2017-10-22,Al Dhale'e,"45,521",80,0.18,62.230,Al Dhale'e,الضالع,30
2017-10-22,Abyan,"27,675",35,0.13,48.482,Abyan,أبين,12
2017-10-22,Sana'a,"63,136",122,0.19,42.940,Sana'a,صنعاء,23
2017-10-22,Hajjah,"94,844",409,0.43,40.710,Hajjah,حجة,17
2017-10-22,Dhamar,"78,103",156,0.20,38.813,Dhamar,ذمار,20
2017-10-22,Al Hudaydah,"122,869",266,0.22,37.944,Al Hudaydah,الحديدة,18
2017-10-22,Al Bayda,"24,894",29,0.12,32.782,Al Bayda,البيضاء,14
2017-10-22,Amanat Al Asimah,"82,589",68,0.08,29.206,Amanat Al Asimah,أمانة العاصمة,13
2017-10-22,Lahj,"22,458",21,0.09,22.261,Lahj,لحج,25
2017-10-22,Al Jawf,"12,758",21,0.16,22.050,Al Jawf,الجوف,16
2017-10-22,Raymah,"13,269",116,0.87,21.868,Raymah,ريمة,31
2017-10-22,Aden,"19,132",62,0.32,20.728,Aden,عدن,24
2017-10-22,Ibb,"54,474",279,0.51,18.421,Ibb,إب,11
2017-10-22,Taizz,"51,066",183,0.36,17.032,Taizz,تعز,15
2017-10-22,Marib,"5,586",7,0.13,15.580,Marib,مأرب,26
2017-10-22,Sa'ada,"7,338",5,0.07,8.107,Sa'ada,صعدة,22
2017-10-22,Al Maharah,"1,164",1,0.09,7.840,Al Maharah,المهرة,28
2017-10-22,Shabwah,"1,381",3,0.22,2.286,Shabwah,شبوة,21
2017-10-22,Moklla,565,2,0.35,1.410,#N/A,#N/A,#N/A
2017-10-22,Say'on,15,0,0.00,0.068,#N/A,#N/A,#N/A
2017-10-21,Amran,"84,061",169,0.20,72.431,Amran,عمران,29
2017-10-21,Al Mahwit,"49,420",142,0.29,67.679,Al Mahwit,المحويت,27
2017-10-21,Al Dhale'e,"45,520",80,0.18,62.229,Al Dhale'e,الضالع,30
2017-10-21,Abyan,"27,652",35,0.13,48.442,Abyan,أبين,12
2017-10-21,Sana'a,"62,960",122,0.19,42.820,Sana'a,صنعاء,23
2017-10-21,Hajjah,"94,147",409,0.43,40.411,Hajjah,حجة,17
2017-10-21,Dhamar,"77,788",156,0.20,38.657,Dhamar,ذمار,20
2017-10-21,Al Hudaydah,"122,167",265,0.22,37.727,Al Hudaydah,الحديدة,18
2017-10-21,Al Bayda,"24,845",29,0.12,32.717,Al Bayda,البيضاء,14
2017-10-21,Amanat Al Asimah,"82,431",68,0.08,29.150,Amanat Al Asimah,أمانة العاصمة,13
2017-10-21,Lahj,"22,454",21,0.09,22.257,Lahj,لحج,25
2017-10-21,Al Jawf,"12,701",21,0.17,21.952,Al Jawf,الجوف,16
2017-10-21,Raymah,"13,234",116,0.88,21.810,Raymah,ريمة,31
2017-10-21,Aden,"19,102",62,0.32,20.696,Aden,عدن,24
2017-10-21,Ibb,"54,175",279,0.51,18.320,Ibb,إب,11
2017-10-21,Taizz,"50,822",183,0.36,16.950,Taizz,تعز,15
2017-10-21,Marib,"5,551",7,0.13,15.482,Marib,مأرب,26
2017-10-21,Sa'ada,"7,255",5,0.07,8.015,Sa'ada,صعدة,22
2017-10-21,Al Maharah,"1,164",1,0.09,7.840,Al Maharah,المهرة,28
2017-10-21,Shabwah,"1,381",3,0.22,2.286,Shabwah,شبوة,21
2017-10-21,Moklla,565,2,0.35,1.410,#N/A,#N/A,#N/A
2017-10-21,Say'on,15,0,0.00,0.068,#N/A,#N/A,#N/A
2017-10-17,Amran,"82,681",169,0.20,71.242,Amran,عمران,29
2017-10-17,Al Mahwit,"48,516",142,0.29,66.441,Al Mahwit,المحويت,27
2017-10-17,Al Dhale'e,"45,007",80,0.18,61.527,Al Dhale'e,الضالع,30
2017-10-17,Abyan,"27,525",35,0.13,48.219,Abyan,أبين,12
2017-10-17,Sana'a,"62,064",122,0.20,42.210,Sana'a,صنعاء,23
2017-10-17,Hajjah,"92,406",408,0.44,39.664,Hajjah,حجة,17
2017-10-17,Dhamar,"76,138",156,0.20,37.837,Dhamar,ذمار,20
2017-10-17,Al Hudaydah,"119,684",263,0.22,36.960,Al Hudaydah,الحديدة,18
2017-10-17,Al Bayda,"24,435",29,0.12,32.177,Al Bayda,البيضاء,14
2017-10-17,Amanat Al Asimah,"81,559",68,0.08,28.842,Amanat Al Asimah,أمانة العاصمة,13
2017-10-17,Lahj,"22,358",20,0.09,22.162,Lahj,لحج,25
2017-10-17,Raymah,"13,086",116,0.89,21.566,Raymah,ريمة,31
2017-10-17,Al Jawf,"12,414",21,0.17,21.456,Al Jawf,الجوف,16
2017-10-17,Aden,"18,887",62,0.33,20.463,Aden,عدن,24
2017-10-17,Ibb,"53,361",278,0.52,18.045,Ibb,إب,11
2017-10-17,Taizz,"50,321",183,0.36,16.783,Taizz,تعز,15
2017-10-17,Marib,"5,381",7,0.13,15.008,Marib,مأرب,26
2017-10-17,Sa'ada,"6,976",5,0.07,7.654,Sa'ada,صعدة,22
2017-10-17,Al Maharah,"1,163",1,0.09,7.586,Al Maharah,المهرة,28
2017-10-17,Shabwah,"1,372",3,0.22,2.157,Shabwah,شبوة,21
2017-10-17,Moklla,563,2,0.36,0.727,#N/A,#N/A,#N/A
2017-10-17,Say'on,15,0,0.00,0.023,#N/A,#N/A,#N/A
2017-10-16,Amran,"82,297",169,0.21,70.912,Amran,عمران,29
2017-10-16,Al Mahwit,"48,237",142,0.29,66.059,Al Mahwit,المحويت,27
2017-10-16,Al Dhale'e,"44,813",80,0.18,61.262,Al Dhale'e,الضالع,30
2017-10-16,Abyan,"27,469",35,0.13,48.121,Abyan,أبين,12
2017-10-16,Sana'a,"61,802",122,0.20,42.032,Sana'a,صنعاء,23
2017-10-16,Hajjah,"91,932",408,0.44,39.460,Hajjah,حجة,17
2017-10-16,Dhamar,"75,686",155,0.20,37.612,Dhamar,ذمار,20
2017-10-16,Al Hudaydah,"118,798",262,0.22,36.686,Al Hudaydah,الحديدة,18
2017-10-16,Al Bayda,"24,434",29,0.12,32.176,Al Bayda,البيضاء,14
2017-10-16,Amanat Al Asimah,"81,270",67,0.08,28.739,Amanat Al Asimah,أمانة العاصمة,13
2017-10-16,Lahj,"22,308",20,0.09,22.112,Lahj,لحج,25
2017-10-16,Raymah,"13,026",116,0.89,21.468,Raymah,ريمة,31
2017-10-16,Al Jawf,"12,280",21,0.17,21.224,Al Jawf,الجوف,16
2017-10-16,Aden,"18,844",62,0.33,20.416,Aden,عدن,24
2017-10-16,Ibb,"53,157",278,0.52,17.976,Ibb,إب,11
2017-10-16,Taizz,"50,169",183,0.36,16.732,Taizz,تعز,15
2017-10-16,Marib,"5,378",7,0.13,15.000,Marib,مأرب,26
2017-10-16,Al Maharah,"1,163",1,0.09,7.586,Al Maharah,المهرة,28
2017-10-16,Sa'ada,"6,897",5,0.07,7.567,Sa'ada,صعدة,22
2017-10-16,Shabwah,"1,370",3,0.22,2.154,Shabwah,شبوة,21
2017-10-16,Moklla,561,2,0.36,0.724,#N/A,#N/A,#N/A
2017-10-16,Say'on,15,0,0.00,0.023,#N/A,#N/A,#N/A
2017-10-14,Amran,"81,570",169,0.21,70.285,Amran,عمران,29
2017-10-14,Al Mahwit,"47,976",142,0.30,65.702,Al Mahwit,المحويت,27
2017-10-14,Al Dhale'e,"44,494",79,0.18,60.826,Al Dhale'e,الضالع,30
2017-10-14,Abyan,"27,435",35,0.13,48.061,Abyan,أبين,12
2017-10-14,Sana'a,"61,036",122,0.20,41.511,Sana'a,صنعاء,23
2017-10-14,Hajjah,"91,198",408,0.45,39.145,Hajjah,حجة,17
2017-10-14,Dhamar,"74,700",154,0.21,37.122,Dhamar,ذمار,20
2017-10-14,Al Hudaydah,"116,772",262,0.22,36.061,Al Hudaydah,الحديدة,18
2017-10-14,Al Bayda,"24,323",29,0.12,32.030,Al Bayda,البيضاء,14
2017-10-14,Amanat Al Asimah,"80,884",67,0.08,28.603,Amanat Al Asimah,أمانة العاصمة,13
2017-10-14,Lahj,"22,168",20,0.09,21.973,Lahj,لحج,25
2017-10-14,Raymah,"12,879",116,0.90,21.225,Raymah,ريمة,31
2017-10-14,Al Jawf,"12,141",21,0.17,20.984,Al Jawf,الجوف,16
2017-10-14,Aden,"18,774",62,0.33,20.340,Aden,عدن,24
2017-10-14,Ibb,"52,746",278,0.53,17.837,Ibb,إب,11
2017-10-14,Taizz,"49,828",183,0.37,16.619,Taizz,تعز,15
2017-10-14,Marib,"5,274",7,0.13,14.710,Marib,مأرب,26
2017-10-14,Al Maharah,"1,163",1,0.09,7.586,Al Maharah,المهرة,28
2017-10-14,Sa'ada,"6,759",5,0.07,7.416,Sa'ada,صعدة,22
2017-10-14,Shabwah,"1,370",3,0.22,2.154,Shabwah,شبوة,21
2017-10-14,Moklla,559,2,0.36,0.722,#N/A,#N/A,#N/A
2017-10-14,Say'on,15,0,0.00,0.023,#N/A,#N/A,#N/A
2017-10-11,Amran,"80,619",169,0.21,69.466,Amran,عمران,29
2017-10-11,Al Mahwit,"47,304",142,0.30,64.781,Al Mahwit,المحويت,27
2017-10-11,Al Dhale'e,"44,036",79,0.18,60.200,Al Dhale'e,الضالع,30
2017-10-11,Abyan,"27,305",35,0.13,47.834,Abyan,أبين,12
2017-10-11,Sana'a,"60,511",122,0.20,41.154,Sana'a,صنعاء,23
2017-10-11,Hajjah,"90,427",403,0.45,38.814,Hajjah,حجة,17
2017-10-11,Dhamar,"73,267",154,0.21,36.410,Dhamar,ذمار,20
2017-10-11,Al Hudaydah,"113,632",262,0.23,35.091,Al Hudaydah,الحديدة,18
2017-10-11,Al Bayda,"24,154",29,0.12,31.807,Al Bayda,البيضاء,14
2017-10-11,Amanat Al Asimah,"80,140",67,0.08,28.340,Amanat Al Asimah,أمانة العاصمة,13
2017-10-11,Lahj,"21,977",20,0.09,21.784,Lahj,لحج,25
2017-10-11,Raymah,"12,705",116,0.91,20.939,Raymah,ريمة,31
2017-10-11,Al Jawf,"11,993",21,0.18,20.728,Al Jawf,الجوف,16
2017-10-11,Aden,"18,634",62,0.33,20.189,Aden,عدن,24
2017-10-11,Ibb,"52,157",278,0.53,17.638,Ibb,إب,11
2017-10-11,Taizz,"49,043",183,0.37,16.357,Taizz,تعز,15
2017-10-11,Marib,"5,199",7,0.13,14.500,Marib,مأرب,26
2017-10-11,Al Maharah,"1,163",1,0.09,7.586,Al Maharah,المهرة,28
2017-10-11,Sa'ada,"6,502",5,0.08,7.134,Sa'ada,صعدة,22
2017-10-11,Shabwah,"1,344",3,0.22,2.113,Shabwah,شبوة,21
2017-10-11,Moklla,549,2,0.36,0.709,#N/A,#N/A,#N/A
2017-10-11,Say'on,14,0,0.00,0.021,#N/A,#N/A,#N/A
2017-10-10,Amran,"79,964",169,0.21,68.901,Amran,عمران,29
2017-10-10,Al Mahwit,"46,686",141,0.30,63.935,Al Mahwit,المحويت,27
2017-10-10,Al Dhale'e,"43,669",79,0.18,59.698,Al Dhale'e,الضالع,30
2017-10-10,Abyan,"27,193",35,0.13,47.637,Abyan,أبين,12
2017-10-10,Sana'a,"59,585",122,0.20,40.524,Sana'a,صنعاء,23
2017-10-10,Hajjah,"89,945",403,0.45,38.607,Hajjah,حجة,17
2017-10-10,Dhamar,"72,233",153,0.21,35.896,Dhamar,ذمار,20
2017-10-10,Al Hudaydah,"112,638",261,0.23,34.784,Al Hudaydah,الحديدة,18
2017-10-10,Al Bayda,"24,012",29,0.12,31.620,Al Bayda,البيضاء,14
2017-10-10,Amanat Al Asimah,"79,551",67,0.08,28.132,Amanat Al Asimah,أمانة العاصمة,13
2017-10-10,Lahj,"21,763",20,0.09,21.572,Lahj,لحج,25
2017-10-10,Raymah,"12,592",116,0.92,20.752,Raymah,ريمة,31
2017-10-10,Al Jawf,"11,827",21,0.18,20.441,Al Jawf,الجوف,16
2017-10-10,Aden,"18,590",62,0.33,20.141,Aden,عدن,24
2017-10-10,Ibb,"51,981",277,0.53,17.578,Ibb,إب,11
2017-10-10,Taizz,"48,553",183,0.38,16.194,Taizz,تعز,15
2017-10-10,Marib,"5,117",7,0.14,14.272,Marib,مأرب,26
2017-10-10,Al Maharah,"1,163",1,0.09,7.586,Al Maharah,المهرة,28
2017-10-10,Sa'ada,"6,352",5,0.08,6.969,Sa'ada,صعدة,22
2017-10-10,Shabwah,"1,341",3,0.22,2.108,Shabwah,شبوة,21
2017-10-10,Moklla,545,2,0.37,0.704,#N/A,#N/A,#N/A
2017-10-10,Say'on,14,0,0.00,0.021,#N/A,#N/A,#N/A
2017-10-09,Amran,"79,962",169,0.21,68.900,Amran,عمران,29
2017-10-09,Al Mahwit,"46,676",141,0.30,63.921,Al Mahwit,المحويت,27
2017-10-09,Al Dhale'e,"43,669",79,0.18,59.698,Al Dhale'e,الضالع,30
2017-10-09,Abyan,"27,188",35,0.13,47.629,Abyan,أبين,12
2017-10-09,Sana'a,"59,585",122,0.20,40.524,Sana'a,صنعاء,23
2017-10-09,Hajjah,"89,292",403,0.45,38.327,Hajjah,حجة,17
2017-10-09,Dhamar,"72,233",153,0.21,35.896,Dhamar,ذمار,20
2017-10-09,Al Hudaydah,"111,219",261,0.23,34.346,Al Hudaydah,الحديدة,18
2017-10-09,Al Bayda,"24,012",29,0.12,31.620,Al Bayda,البيضاء,14
2017-10-09,Amanat Al Asimah,"79,550",67,0.08,28.131,Amanat Al Asimah,أمانة العاصمة,13
2017-10-09,Lahj,"21,763",20,0.09,21.572,Lahj,لحج,25
2017-10-09,Raymah,"12,591",115,0.91,20.751,Raymah,ريمة,31
2017-10-09,Al Jawf,"11,827",21,0.18,20.441,Al Jawf,الجوف,16
2017-10-09,Aden,"18,528",62,0.33,20.074,Aden,عدن,24
2017-10-09,Ibb,"51,822",277,0.53,17.524,Ibb,إب,11
2017-10-09,Taizz,"48,553",183,0.38,16.194,Taizz,تعز,15
2017-10-09,Marib,"5,117",7,0.14,14.272,Marib,مأرب,26
2017-10-09,Al Maharah,"1,163",1,0.09,7.586,Al Maharah,المهرة,28
2017-10-09,Sa'ada,"6,352",5,0.08,6.969,Sa'ada,صعدة,22
2017-10-09,Shabwah,"1,333",3,0.23,2.096,Shabwah,شبوة,21
2017-10-09,Moklla,547,2,0.37,0.706,#N/A,#N/A,#N/A
2017-10-09,Say'on,14,0,0.00,0.021,#N/A,#N/A,#N/A
2017-10-08,Amran,"79,187",169,0.21,68.232,Amran,عمران,29
2017-10-08,Al Mahwit,"46,190",141,0.31,63.256,Al Mahwit,المحويت,27
2017-10-08,Al Dhale'e,"43,493",79,0.18,59.458,Al Dhale'e,الضالع,30
2017-10-08,Abyan,"27,081",35,0.13,47.441,Abyan,أبين,12
2017-10-08,Sana'a,"59,136",122,0.21,40.219,Sana'a,صنعاء,23
2017-10-08,Hajjah,"88,513",403,0.46,37.993,Hajjah,حجة,17
2017-10-08,Dhamar,"71,274",153,0.21,35.420,Dhamar,ذمار,20
2017-10-08,Al Hudaydah,"108,917",258,0.24,33.635,Al Hudaydah,الحديدة,18
2017-10-08,Al Bayda,"23,827",29,0.12,31.377,Al Bayda,البيضاء,14
2017-10-08,Amanat Al Asimah,"78,898",67,0.08,27.901,Amanat Al Asimah,أمانة العاصمة,13
2017-10-08,Lahj,"21,508",20,0.09,21.319,Lahj,لحج,25
2017-10-08,Raymah,"12,520",115,0.92,20.634,Raymah,ريمة,31
2017-10-08,Al Jawf,"11,633",21,0.18,20.106,Al Jawf,الجوف,16
2017-10-08,Aden,"18,420",62,0.34,19.957,Aden,عدن,24
2017-10-08,Ibb,"51,454",277,0.54,17.400,Ibb,إب,11
2017-10-08,Taizz,"48,083",183,0.38,16.037,Taizz,تعز,15
2017-10-08,Marib,"5,022",7,0.14,14.007,Marib,مأرب,26
2017-10-08,Al Maharah,"1,162",1,0.09,7.580,Al Maharah,المهرة,28
2017-10-08,Sa'ada,"6,122",5,0.08,6.717,Sa'ada,صعدة,22
2017-10-08,Shabwah,"1,328",3,0.23,2.088,Shabwah,شبوة,21
2017-10-08,Moklla,537,2,0.37,0.693,#N/A,#N/A,#N/A
2017-10-08,Say'on,14,0,0.00,0.021,#N/A,#N/A,#N/A
2017-10-05,Amran,"78,500",169,0.22,67.640,Amran,عمران,29
2017-10-05,Al Mahwit,"45,531",140,0.31,62.353,Al Mahwit,المحويت,27
2017-10-05,Al Dhale'e,"42,937",79,0.18,58.698,Al Dhale'e,الضالع,30
2017-10-05,Abyan,"26,950",35,0.13,47.212,Abyan,أبين,12
2017-10-05,Sana'a,"58,656",122,0.21,39.893,Sana'a,صنعاء,23
2017-10-05,Hajjah,"87,584",401,0.46,37.594,Hajjah,حجة,17
2017-10-05,Dhamar,"70,248",153,0.22,34.910,Dhamar,ذمار,20
2017-10-05,Al Hudaydah,"107,019",255,0.24,33.049,Al Hudaydah,الحديدة,18
2017-10-05,Al Bayda,"23,719",29,0.12,31.234,Al Bayda,البيضاء,14
2017-10-05,Amanat Al Asimah,"78,522",67,0.09,27.768,Amanat Al Asimah,أمانة العاصمة,13
2017-10-05,Lahj,"21,149",20,0.09,20.963,Lahj,لحج,25
2017-10-05,Raymah,"12,398",115,0.93,20.433,Raymah,ريمة,31
2017-10-05,Aden,"18,314",62,0.34,19.842,Aden,عدن,24
2017-10-05,Al Jawf,"11,456",21,0.18,19.800,Al Jawf,الجوف,16
2017-10-05,Ibb,"51,097",276,0.54,17.279,Ibb,إب,11
2017-10-05,Taizz,"47,616",183,0.38,15.881,Taizz,تعز,15
2017-10-05,Marib,"4,949",7,0.14,13.803,Marib,مأرب,26
2017-10-05,Al Maharah,"1,162",1,0.09,7.580,Al Maharah,المهرة,28
2017-10-05,Sa'ada,"5,887",5,0.08,6.459,Sa'ada,صعدة,22
2017-10-05,Shabwah,"1,326",3,0.23,2.085,Shabwah,شبوة,21
2017-10-05,Moklla,532,2,0.38,0.687,#N/A,#N/A,#N/A
2017-10-05,Say'on,14,0,0.00,0.021,#N/A,#N/A,#N/A
2017-10-04,Amran,78094,169,0.22,67.290,Amran,عمران,29
2017-10-04,Al Mahwit,45284,140,0.31,62.015,Al Mahwit,المحويت,27
2017-10-04,Al Dhale'e,42702,79,0.19,58.376,Al Dhale'e,الضالع,30
2017-10-04,Abyan,26888,35,0.13,47.103,Abyan,أبين,12
2017-10-04,Sana'a,58191,122,0.21,39.576,Sana'a,صنعاء,23
2017-10-04,Hajjah,87418,401,0.46,37.523,Hajjah,حجة,17
2017-10-04,Dhamar,69777,153,0.22,34.676,Dhamar,ذمار,20
2017-10-04,Al Hudaydah,106169,254,0.24,32.786,Al Hudaydah,الحديدة,18
2017-10-04,Al Bayda,23624,29,0.12,31.109,Al Bayda,البيضاء,14
2017-10-04,Amanat Al Asimah,78238,66,0.08,27.667,Amanat Al Asimah,أمانة العاصمة,13
2017-10-04,Lahj,21149,20,0.09,20.963,Lahj,لحج,25
2017-10-04,Raymah,12370,115,0.93,20.386,Raymah,ريمة,31
2017-10-04,Aden,18265,62,0.34,19.789,Aden,عدن,24
2017-10-04,Al Jawf,11357,21,0.18,19.629,Al Jawf,الجوف,16
2017-10-04,Ibb,50868,276,0.54,17.202,Ibb,إب,11
2017-10-04,Taizz,47453,182,0.38,15.827,Taizz,تعز,15
2017-10-04,Marib,4905,7,0.14,13.680,Marib,مأرب,26
2017-10-04,Al Maharah,1162,1,0.09,7.580,Al Maharah,المهرة,28
2017-10-04,Sa'ada,5772,5,0.09,6.333,Sa'ada,صعدة,22
2017-10-04,Shabwah,1324,3,0.23,2.082,Shabwah,شبوة,21
2017-10-04,Moklla,527,2,0.38,0.681,#N/A,#N/A,#N/A
2017-10-04,Say'on,14,0,0.00,0.021,#N/A,#N/A,#N/A
2017-10-03,Amran,77685,168,0.22,66.938,Amran,عمران,29
2017-10-03,Al Mahwit,44965,140,0.31,61.578,Al Mahwit,المحويت,27
2017-10-03,Al Dhale'e,42702,79,0.19,58.376,Al Dhale'e,الضالع,30
2017-10-03,Abyan,26822,35,0.13,46.988,Abyan,أبين,12
2017-10-03,Sana'a,57908,122,0.21,39.384,Sana'a,صنعاء,23
2017-10-03,Hajjah,87046,401,0.46,37.363,Hajjah,حجة,17
2017-10-03,Dhamar,68849,153,0.22,34.215,Dhamar,ذمار,20
2017-10-03,Al Hudaydah,105092,254,0.24,32.454,Al Hudaydah,الحديدة,18
2017-10-03,Al Bayda,23526,28,0.12,30.980,Al Bayda,البيضاء,14
2017-10-03,Amanat Al Asimah,77835,66,0.08,27.525,Amanat Al Asimah,أمانة العاصمة,13
2017-10-03,Lahj,20999,20,0.10,20.815,Lahj,لحج,25
2017-10-03,Raymah,12294,114,0.93,20.261,Raymah,ريمة,31
2017-10-03,Aden,18215,62,0.34,19.735,Aden,عدن,24
2017-10-03,Al Jawf,11271,21,0.19,19.480,Al Jawf,الجوف,16
2017-10-03,Ibb,50650,276,0.54,17.128,Ibb,إب,11
2017-10-03,Taizz,47174,182,0.39,15.734,Taizz,تعز,15
2017-10-03,Marib,4905,7,0.14,13.680,Marib,مأرب,26
2017-10-03,Al Maharah,1162,1,0.09,7.580,Al Maharah,المهرة,28
2017-10-03,Sa'ada,5668,5,0.09,6.219,Sa'ada,صعدة,22
2017-10-03,Shabwah,1324,3,0.23,2.082,Shabwah,شبوة,21
2017-10-03,Moklla,527,2,0.38,0.681,#N/A,#N/A,#N/A
2017-10-03,Say'on,14,0,0.00,0.021,#N/A,#N/A,#N/A
2017-10-02,Amran,76931,167,0.22,66.288,Amran,عمران,29
2017-10-02,Al Mahwit,44411,140,0.32,60.820,Al Mahwit,المحويت,27
2017-10-02,Al Dhale'e,41815,79,0.19,57.164,Al Dhale'e,الضالع,30
2017-10-02,Abyan,26622,35,0.13,46.637,Abyan,أبين,12
2017-10-02,Sana'a,57456,122,0.21,39.077,Sana'a,صنعاء,23
2017-10-02,Hajjah,85914,400,0.47,36.877,Hajjah,حجة,17
2017-10-02,Dhamar,68332,153,0.22,33.958,Dhamar,ذمار,20
2017-10-02,Al Hudaydah,103280,254,0.25,31.894,Al Hudaydah,الحديدة,18
2017-10-02,Al Bayda,23324,28,0.12,30.714,Al Bayda,البيضاء,14
2017-10-02,Amanat Al Asimah,77215,66,0.09,27.305,Amanat Al Asimah,أمانة العاصمة,13
2017-10-02,Lahj,20678,20,0.10,20.496,Lahj,لحج,25
2017-10-02,Raymah,12192,113,0.93,20.093,Raymah,ريمة,31
2017-10-02,Aden,18098,62,0.34,19.608,Aden,عدن,24
2017-10-02,Al Jawf,11077,21,0.19,19.145,Al Jawf,الجوف,16
2017-10-02,Ibb,50082,276,0.55,16.936,Ibb,إب,11
2017-10-02,Taizz,46573,180,0.39,15.533,Taizz,تعز,15
2017-10-02,Marib,4801,7,0.15,13.390,Marib,مأرب,26
2017-10-02,Al Maharah,1162,1,0.09,7.580,Al Maharah,المهرة,28
2017-10-02,Sa'ada,5435,5,0.09,5.963,Sa'ada,صعدة,22
2017-10-02,Shabwah,1298,3,0.23,2.041,Shabwah,شبوة,21
2017-10-02,Moklla,519,2,0.39,0.670,#N/A,#N/A,#N/A
2017-10-02,Say'on,14,0,0.00,0.021,#N/A,#N/A,#N/A
2017-10-01,Amran,"76,931",167,0.22,66.288,Amran,عمران,29
2017-10-01,Al Mahwit,"44,411",140,0.32,60.820,Al Mahwit,المحويت,27
2017-10-01,Al Dhale'e,"41,815",79,0.19,57.164,Al Dhale'e,الضالع,30
2017-10-01,Abyan,"26,622",35,0.13,46.637,Abyan,أبين,12
2017-10-01,Sana'a,"57,456",122,0.21,39.077,Sana'a,صنعاء,23
2017-10-01,Hajjah,"85,914",400,0.47,36.877,Hajjah,حجة,17
2017-10-01,Dhamar,"68,332",153,0.22,33.958,Dhamar,ذمار,20
2017-10-01,Al Hudaydah,"103,280",254,0.25,31.894,Al Hudaydah,الحديدة,18
2017-10-01,Al Bayda,"23,324",28,0.12,30.714,Al Bayda,البيضاء,14
2017-10-01,Amanat Al Asimah,"77,215",66,0.09,27.305,Amanat Al Asimah,أمانة العاصمة,13
2017-10-01,Lahj,"20,678",20,0.10,20.496,Lahj,لحج,25
2017-10-01,Raymah,"12,192",113,0.93,20.093,Raymah,ريمة,31
2017-10-01,Aden,"18,098",62,0.34,19.608,Aden,عدن,24
2017-10-01,Al Jawf,"11,077",21,0.19,19.145,Al Jawf,الجوف,16
2017-10-01,Ibb,"50,082",276,0.55,16.936,Ibb,إب,11
2017-10-01,Taizz,"46,573",180,0.39,15.533,Taizz,تعز,15
2017-10-01,Marib,"4,801",7,0.15,13.390,Marib,مأرب,26
2017-10-01,Al Maharah,"1,162",1,0.09,7.580,Al Maharah,المهرة,28
2017-10-01,Sa'ada,"5,435",5,0.09,5.963,Sa'ada,صعدة,22
2017-10-01,Shabwah,1298,3,0.23,2.041,Shabwah,شبوة,21
2017-10-01,Moklla,519,2,0.39,0.670,#N/A,#N/A,#N/A
2017-10-01,Say'on,14,0,0.00,0.021,#N/A,#N/A,#N/A
2017-09-30,Amran,"76,425",167,0.22,65.852,Amran,عمران,29
2017-09-30,Al Mahwit,"44,100",140,0.32,60.394,Al Mahwit,المحويت,27
2017-09-30,Al Dhale'e,"41,815",79,0.19,57.164,Al Dhale'e,الضالع,30
2017-09-30,Abyan,"26,523",35,0.13,46.464,Abyan,أبين,12
2017-09-30,Sana'a,"57,097",122,0.21,38.832,Sana'a,صنعاء,23
2017-09-30,Hajjah,"85,146",399,0.47,36.547,Hajjah,حجة,17
2017-09-30,Dhamar,"67,794",153,0.23,33.690,Dhamar,ذمار,20
2017-09-30,Al Hudaydah,"102,294",253,0.25,31.590,Al Hudaydah,الحديدة,18
2017-09-30,Al Bayda,"23,183",28,0.12,30.529,Al Bayda,البيضاء,14
2017-09-30,Amanat Al Asimah,"76,925",66,0.09,27.203,Amanat Al Asimah,أمانة العاصمة,13
2017-09-30,Lahj,"20,535",20,0.10,20.355,Lahj,لحج,25
2017-09-30,Raymah,"12,095",113,0.93,19.933,Raymah,ريمة,31
2017-09-30,Aden,"18,026",62,0.34,19.530,Aden,عدن,24
2017-09-30,Al Jawf,"10,969",21,0.19,18.958,Al Jawf,الجوف,16
2017-09-30,Ibb,"49,854",276,0.55,16.859,Ibb,إب,11
2017-09-30,Taizz,"46,076",180,0.39,15.367,Taizz,تعز,15
2017-09-30,Marib,"4,729",7,0.15,13.190,Marib,مأرب,26
2017-09-30,Al Maharah,"1,162",1,0.09,7.580,Al Maharah,المهرة,28
2017-09-30,Sa'ada,"5,376",5,0.09,5.898,Sa'ada,صعدة,22
2017-09-30,Shabwah,"1,293",3,0.23,2.033,Shabwah,شبوة,21
2017-09-30,Moklla,514,2,0.39,0.664,#N/A,#N/A,#N/A
2017-09-30,Say'on,14,0,0.00,0.021,#N/A,#N/A,#N/A
2017-09-28,Amran,"75,556",167,0.22,65.103,Amran,عمران,29
2017-09-28,Al Mahwit,"43,416",140,0.32,59.457,Al Mahwit,المحويت,27
2017-09-28,Al Dhale'e,"41,437",79,0.19,56.647,Al Dhale'e,الضالع,30
2017-09-28,Abyan,"26,385",35,0.13,46.222,Abyan,أبين,12
2017-09-28,Sana'a,"55,113",122,0.22,37.483,Sana'a,صنعاء,23
2017-09-28,Hajjah,"83,817",398,0.47,35.977,Hajjah,حجة,17
2017-09-28,Dhamar,"66,834",153,0.23,33.213,Dhamar,ذمار,20
2017-09-28,Al Hudaydah,"100,717",249,0.25,31.103,Al Hudaydah,الحديدة,18
2017-09-28,Al Bayda,"22,926",28,0.12,30.190,Al Bayda,البيضاء,14
2017-09-28,Amanat Al Asimah,"76,203",66,0.09,26.948,Amanat Al Asimah,أمانة العاصمة,13
2017-09-28,Lahj,"20,220",20,0.10,20.042,Lahj,لحج,25
2017-09-28,Raymah,"11,988",111,0.93,19.757,Raymah,ريمة,31
2017-09-28,Aden,"17,893",62,0.35,19.386,Aden,عدن,24
2017-09-28,Al Jawf,"10,890",21,0.19,18.822,Al Jawf,الجوف,16
2017-09-28,Ibb,"49,468",275,0.56,16.728,Ibb,إب,11
2017-09-28,Taizz,"45,303",180,0.40,15.110,Taizz,تعز,15
2017-09-28,Marib,"4,729",7,0.15,13.190,Marib,مأرب,26
2017-09-28,Al Maharah,"1,162",1,0.09,7.580,Al Maharah,المهرة,28
2017-09-28,Sa'ada,5218,5,0.10,5.725,Sa'ada,صعدة,22
2017-09-28,Shabwah,1246,3,0.24,1.959,Shabwah,شبوة,21
2017-09-28,Moklla,495,2,0.40,0.639,#N/A,#N/A,#N/A
2017-09-28,Say'on,14,0,0.00,0.021,#N/A,#N/A,#N/A
2017-09-27,Amran,"75,093",167,0.22,64.704,Amran,عمران,29
2017-09-27,Al Mahwit,"43,184",140,0.32,59.139,Al Mahwit,المحويت,27
2017-09-27,Al Dhale'e,"41,182",79,0.19,56.298,Al Dhale'e,الضالع,30
2017-09-27,Abyan,"26,299",35,0.13,46.071,Abyan,أبين,12
2017-09-27,Hajjah,"83,084",398,0.48,35.662,Hajjah,حجة,17
2017-09-27,Sana'a,"51,882",122,0.24,35.286,Sana'a,صنعاء,23
2017-09-27,Dhamar,"66,302",152,0.23,32.949,Dhamar,ذمار,20
2017-09-27,Al Hudaydah,"99,747",248,0.25,30.803,Al Hudaydah,الحديدة,18
2017-09-27,Al Bayda,"22,804",28,0.12,30.029,Al Bayda,البيضاء,14
2017-09-27,Amanat Al Asimah,"75,864",66,0.09,26.828,Amanat Al Asimah,أمانة العاصمة,13
2017-09-27,Lahj,"20,019",20,0.10,19.843,Lahj,لحج,25
2017-09-27,Raymah,"11,939",111,0.93,19.676,Raymah,ريمة,31
2017-09-27,Aden,"17,893",62,0.35,19.386,Aden,عدن,24
2017-09-27,Al Jawf,"10,775",21,0.19,18.623,Al Jawf,الجوف,16
2017-09-27,Ibb,"49,289",275,0.56,16.668,Ibb,إب,11
2017-09-27,Taizz,"45,030",180,0.40,15.019,Taizz,تعز,15
2017-09-27,Marib,"4,660",7,0.15,12.997,Marib,مأرب,26
2017-09-27,Al Maharah,1162,1,0.09,7.580,Al Maharah,المهرة,28
2017-09-27,Sa'ada,5136,5,0.10,5.635,Sa'ada,صعدة,22
2017-09-27,Shabwah,"1,245",3,0.24,1.958,Shabwah,شبوة,21
2017-09-27,Moklla,495,2,0.40,0.639,#N/A,#N/A,#N/A
2017-09-27,Say'on,14,0,0.00,0.021,#N/A,#N/A,#N/A
2017-09-26,Amran,"74,594",167,0.22,64.274,Amran,عمران,29
2017-09-26,Al Mahwit,"42,908",140,0.33,58.761,Al Mahwit,المحويت,27
2017-09-26,Al Dhale'e,"41,051",79,0.19,56.119,Al Dhale'e,الضالع,30
2017-09-26,Abyan,"26,228",35,0.13,45.947,Abyan,أبين,12
2017-09-26,Hajjah,"81,951",398,0.49,35.176,Hajjah,حجة,17
2017-09-26,Sana'a,"49,461",122,0.25,33.639,Sana'a,صنعاء,23
2017-09-26,Dhamar,"65,803",152,0.23,32.701,Dhamar,ذمار,20
2017-09-26,Al Hudaydah,"98,381",248,0.25,30.381,Al Hudaydah,الحديدة,18
2017-09-26,Al Bayda,"22,648",28,0.12,29.824,Al Bayda,البيضاء,14
2017-09-26,Amanat Al Asimah,"75,547",66,0.09,26.716,Amanat Al Asimah,أمانة العاصمة,13
2017-09-26,Lahj,"19,813",20,0.10,19.639,Lahj,لحج,25
2017-09-26,Raymah,"11,873",111,0.93,19.567,Raymah,ريمة,31
2017-09-26,Aden,"17,829",62,0.35,19.316,Aden,عدن,24
2017-09-26,Al Jawf,"10,658",21,0.20,18.421,Al Jawf,الجوف,16
2017-09-26,Ibb,"49,066",272,0.55,16.592,Ibb,إب,11
2017-09-26,Taizz,"44,788",180,0.40,14.938,Taizz,تعز,15
2017-09-26,Marib,4568,7,0.15,12.740,Marib,مأرب,26
2017-09-26,Al Maharah,1162,1,0.09,7.580,Al Maharah,المهرة,28
2017-09-26,Sa'ada,"5,136",5,0.10,5.635,Sa'ada,صعدة,22
2017-09-26,Shabwah,"1,245",3,0.24,1.958,Shabwah,شبوة,21
2017-09-26,Moklla,481,2,0.42,0.621,#N/A,#N/A,#N/A
2017-09-26,Say'on,14,0,0.00,0.021,#N/A,#N/A,#N/A
2017-09-25,Amran,74191,167,0.23,63.927,Amran,عمران,29
2017-09-25,Al Mahwit,42641,140,0.33,58.396,Al Mahwit,المحويت,27
2017-09-25,Al Dhale'e,40823,79,0.19,55.808,Al Dhale'e,الضالع,30
2017-09-25,Abyan,26131,35,0.13,45.777,Abyan,أبين,12
2017-09-25,Hajjah,80916,398,0.49,34.732,Hajjah,حجة,17
2017-09-25,Sana'a,48448,122,0.25,32.950,Sana'a,صنعاء,23
2017-09-25,Dhamar,65274,152,0.23,32.438,Dhamar,ذمار,20
2017-09-25,Al Hudaydah,97193,247,0.25,30.015,Al Hudaydah,الحديدة,18
2017-09-25,Al Bayda,22449,28,0.12,29.562,Al Bayda,البيضاء,14
2017-09-25,Amanat Al Asimah,75088,66,0.09,26.553,Amanat Al Asimah,أمانة العاصمة,13
2017-09-25,Raymah,11802,111,0.94,19.450,Raymah,ريمة,31
2017-09-25,Lahj,19512,20,0.10,19.341,Lahj,لحج,25
2017-09-25,Aden,17760,62,0.35,19.242,Aden,عدن,24
2017-09-25,Al Jawf,10658,21,0.20,18.421,Al Jawf,الجوف,16
2017-09-25,Ibb,48835,272,0.56,16.514,Ibb,إب,11
2017-09-25,Taizz,44495,180,0.40,14.840,Taizz,تعز,15
2017-09-25,Marib,4568,7,0.15,12.740,Marib,مأرب,26
2017-09-25,Al Maharah,1162,1,0.09,7.580,Al Maharah,المهرة,28
2017-09-25,Sa'ada,5047,5,0.10,5.537,Sa'ada,صعدة,22
2017-09-25,Shabwah,1243,3,0.24,1.954,Shabwah,شبوة,21
2017-09-25,Moklla,469,2,0.43,0.606,#N/A,#N/A,#N/A
2017-09-25,Say'on,14,0,0.00,0.021,#N/A,#N/A,#N/A
2017-09-24,Amran,73681,167,0.23,63.488,Amran,عمران,29
2017-09-24,Al Mahwit,42377,140,0.33,58.034,Al Mahwit,المحويت,27
2017-09-24,Al Dhale'e,40565,79,0.19,55.455,Al Dhale'e,الضالع,30
2017-09-24,Abyan,25888,35,0.14,45.351,Abyan,أبين,12
2017-09-24,Hajjah,80914,398,0.49,34.731,Hajjah,حجة,17
2017-09-24,Dhamar,64725,151,0.23,32.165,Dhamar,ذمار,20
2017-09-24,Sana'a,46440,122,0.26,31.584,Sana'a,صنعاء,23
2017-09-24,Al Hudaydah,96123,247,0.26,29.684,Al Hudaydah,الحديدة,18
2017-09-24,Al Bayda,22303,28,0.13,29.370,Al Bayda,البيضاء,14
2017-09-24,Amanat Al Asimah,74778,66,0.09,26.444,Amanat Al Asimah,أمانة العاصمة,13
2017-09-24,Raymah,11708,111,0.95,19.295,Raymah,ريمة,31
2017-09-24,Aden,17709,61,0.34,19.186,Aden,عدن,24
2017-09-24,Lahj,19315,20,0.10,19.145,Lahj,لحج,25
2017-09-24,Al Jawf,10434,20,0.19,18.034,Al Jawf,الجوف,16
2017-09-24,Ibb,48608,272,0.56,16.438,Ibb,إب,11
2017-09-24,Taizz,43973,180,0.41,14.666,Taizz,تعز,15
2017-09-24,Marib,4403,7,0.16,12.280,Marib,مأرب,26
2017-09-24,Al Maharah,1162,1,0.09,7.580,Al Maharah,المهرة,28
2017-09-24,Sa'ada,4919,5,0.10,5.397,Sa'ada,صعدة,22
2017-09-24,Shabwah,1242,3,0.24,1.953,Shabwah,شبوة,21
2017-09-24,Moklla,469,2,0.43,0.606,#N/A,#N/A,#N/A
2017-09-24,Say'on,14,0,0.00,0.021,#N/A,#N/A,#N/A
2017-09-23,Amran,73107,167,0.23,62.993,Amran,عمران,29
2017-09-23,Al Mahwit,42061,140,0.33,57.601,Al Mahwit,المحويت,27
2017-09-23,Al Dhale'e,40563,79,0.19,55.452,Al Dhale'e,الضالع,30
2017-09-23,Abyan,25611,35,0.14,44.866,Abyan,أبين,12
2017-09-23,Hajjah,80514,398,0.49,34.559,Hajjah,حجة,17
2017-09-23,Dhamar,64243,151,0.24,31.926,Dhamar,ذمار,20
2017-09-23,Sana'a,45118,122,0.27,30.685,Sana'a,صنعاء,23
2017-09-23,Al Hudaydah,94864,245,0.26,29.295,Al Hudaydah,الحديدة,18
2017-09-23,Al Bayda,22176,28,0.13,29.202,Al Bayda,البيضاء,14
2017-09-23,Amanat Al Asimah,74327,66,0.09,26.284,Amanat Al Asimah,أمانة العاصمة,13
2017-09-23,Raymah,11663,110,0.94,19.221,Raymah,ريمة,31
2017-09-23,Aden,17646,60,0.34,19.118,Aden,عدن,24
2017-09-23,Lahj,19153,20,0.10,18.985,Lahj,لحج,25
2017-09-23,Al Jawf,10433,20,0.19,18.032,Al Jawf,الجوف,16
2017-09-23,Ibb,48253,271,0.56,16.317,Ibb,إب,11
2017-09-23,Taizz,43652,180,0.41,14.559,Taizz,تعز,15
2017-09-23,Marib,4402,7,0.16,12.278,Marib,مأرب,26
2017-09-23,Al Maharah,1162,1,0.09,7.580,Al Maharah,المهرة,28
2017-09-23,Sa'ada,4819,5,0.10,5.287,Sa'ada,صعدة,22
2017-09-23,Shabwah,1242,3,0.24,1.953,Shabwah,شبوة,21
2017-09-23,Moklla,465,2,0.43,0.600,#N/A,#N/A,#N/A
2017-09-23,Say'on,14,0,0.00,0.021,#N/A,#N/A,#N/A
2017-09-22,Amran,72726,167,0.23,62.665,Amran,عمران,29
2017-09-22,Al Mahwit,41632,140,0.34,57.014,Al Mahwit,المحويت,27
2017-09-22,Al Dhale'e,40120,79,0.20,54.847,Al Dhale'e,الضالع,30
2017-09-22,Abyan,25611,35,0.14,44.866,Abyan,أبين,12
2017-09-22,Hajjah,80028,396,0.49,34.351,Hajjah,حجة,17
2017-09-22,Dhamar,63753,151,0.24,31.682,Dhamar,ذمار,20
2017-09-22,Sana'a,43171,122,0.28,29.361,Sana'a,صنعاء,23
2017-09-22,Al Hudaydah,93681,244,0.26,28.930,Al Hudaydah,الحديدة,18
2017-09-22,Al Bayda,21953,28,0.13,28.909,Al Bayda,البيضاء,14
2017-09-22,Amanat Al Asimah,74182,66,0.09,26.233,Amanat Al Asimah,أمانة العاصمة,13
2017-09-22,Raymah,11599,110,0.95,19.116,Raymah,ريمة,31
2017-09-22,Aden,17585,60,0.34,19.052,Aden,عدن,24
2017-09-22,Lahj,18988,20,0.11,18.821,Lahj,لحج,25
2017-09-22,Al Jawf,10331,20,0.19,17.856,Al Jawf,الجوف,16
2017-09-22,Ibb,47991,270,0.56,16.229,Ibb,إب,11
2017-09-22,Taizz,43384,180,0.41,14.470,Taizz,تعز,15
2017-09-22,Marib,4371,7,0.16,12.191,Marib,مأرب,26
2017-09-22,Al Maharah,1162,1,0.09,7.580,Al Maharah,المهرة,28
2017-09-22,Sa'ada,4714,5,0.11,5.172,Sa'ada,صعدة,22
2017-09-22,Shabwah,1240,3,0.24,1.950,Shabwah,شبوة,21
2017-09-22,Moklla,456,2,0.44,0.589,#N/A,#N/A,#N/A
2017-09-22,Say'on,14,0,0.00,0.021,#N/A,#N/A,#N/A
2017-09-21,Amran,72314,167,0.23,62.310,Amran,عمران,29
2017-09-21,Al Mahwit,41415,140,0.34,56.717,Al Mahwit,المحويت,27
2017-09-21,Al Dhale'e,39881,79,0.20,54.520,Al Dhale'e,الضالع,30
2017-09-21,Abyan,25611,35,0.14,44.866,Abyan,أبين,12
2017-09-21,Hajjah,79347,396,0.50,34.058,Hajjah,حجة,17
2017-09-21,Dhamar,63308,151,0.24,31.461,Dhamar,ذمار,20
2017-09-21,Al Bayda,21797,28,0.13,28.703,Al Bayda,البيضاء,14
2017-09-21,Al Hudaydah,92797,244,0.26,28.657,Al Hudaydah,الحديدة,18
2017-09-21,Sana'a,41626,122,0.29,28.310,Sana'a,صنعاء,23
2017-09-21,Amanat Al Asimah,73823,66,0.09,26.106,Amanat Al Asimah,أمانة العاصمة,13
2017-09-21,Raymah,11531,110,0.95,19.004,Raymah,ريمة,31
2017-09-21,Aden,17516,60,0.34,18.977,Aden,عدن,24
2017-09-21,Lahj,18779,20,0.11,18.614,Lahj,لحج,25
2017-09-21,Al Jawf,10229,20,0.20,17.679,Al Jawf,الجوف,16
2017-09-21,Ibb,47787,269,0.56,16.160,Ibb,إب,11
2017-09-21,Taizz,43259,180,0.42,14.428,Taizz,تعز,15
2017-09-21,Marib,4368,7,0.16,12.183,Marib,مأرب,26
2017-09-21,Al Maharah,1162,1,0.09,7.580,Al Maharah,المهرة,28
2017-09-21,Sa'ada,4617,5,0.11,5.065,Sa'ada,صعدة,22
2017-09-21,Shabwah,1211,3,0.25,1.904,Shabwah,شبوة,21
2017-09-21,Moklla,454,2,0.44,0.586,#N/A,#N/A,#N/A
2017-09-21,Say'on,14,0,0.00,0.021,#N/A,#N/A,#N/A
2017-09-20,Amran,71761,166,0.23,61.833,Amran,عمران,29
2017-09-20,Al Mahwit,41185,140,0.34,56.402,Al Mahwit,المحويت,27
2017-09-20,Al Dhale'e,39592,79,0.20,54.125,Al Dhale'e,الضالع,30
2017-09-20,Abyan,25431,35,0.14,44.551,Abyan,أبين,12
2017-09-20,Hajjah,78530,396,0.50,33.708,Hajjah,حجة,17
2017-09-20,Dhamar,62708,151,0.24,31.163,Dhamar,ذمار,20
2017-09-20,Al Bayda,21652,28,0.13,28.512,Al Bayda,البيضاء,14
2017-09-20,Al Hudaydah,91783,244,0.27,28.344,Al Hudaydah,الحديدة,18
2017-09-20,Sana'a,40113,122,0.30,27.281,Sana'a,صنعاء,23
2017-09-20,Amanat Al Asimah,73384,66,0.09,25.951,Amanat Al Asimah,أمانة العاصمة,13
2017-09-20,Aden,17442,60,0.34,18.897,Aden,عدن,24
2017-09-20,Raymah,11422,110,0.96,18.824,Raymah,ريمة,31
2017-09-20,Lahj,18587,20,0.11,18.424,Lahj,لحج,25
2017-09-20,Al Jawf,10148,20,0.20,17.539,Al Jawf,الجوف,16
2017-09-20,Ibb,47580,269,0.57,16.090,Ibb,إب,11
2017-09-20,Taizz,41672,180,0.43,13.899,Taizz,تعز,15
2017-09-20,Marib,4366,7,0.16,12.177,Marib,مأرب,26
2017-09-20,Al Maharah,1162,1,0.09,7.580,Al Maharah,المهرة,28
2017-09-20,Sa'ada,4358,5,0.11,4.781,Sa'ada,صعدة,22
2017-09-20,Shabwah,1210,3,0.25,1.902,Shabwah,شبوة,21
2017-09-20,Moklla,444,1,0.23,0.573,#N/A,#N/A,#N/A
2017-09-20,Say'on,14,0,0.00,0.021,#N/A,#N/A,#N/A
2017-09-19,Amran,71244,165,0.23,61.388,Amran,عمران,29
2017-09-19,Al Mahwit,41184,140,0.34,56.400,Al Mahwit,المحويت,27
2017-09-19,Al Dhale'e,39450,79,0.20,53.931,Al Dhale'e,الضالع,30
2017-09-19,Abyan,25200,35,0.14,44.146,Abyan,أبين,12
2017-09-19,Hajjah,77803,396,0.51,33.396,Hajjah,حجة,17
2017-09-19,Dhamar,62191,151,0.24,30.906,Dhamar,ذمار,20
2017-09-19,Al Bayda,21429,28,0.13,28.219,Al Bayda,البيضاء,14
2017-09-19,Al Hudaydah,90757,244,0.27,28.027,Al Hudaydah,الحديدة,18
2017-09-19,Sana'a,38167,122,0.32,25.958,Sana'a,صنعاء,23
2017-09-19,Amanat Al Asimah,73164,66,0.09,25.873,Amanat Al Asimah,أمانة العاصمة,13
2017-09-19,Aden,17387,60,0.35,18.838,Aden,عدن,24
2017-09-19,Raymah,11422,110,0.96,18.824,Raymah,ريمة,31
2017-09-19,Lahj,18386,20,0.11,18.224,Lahj,لحج,25
2017-09-19,Al Jawf,10037,20,0.20,17.347,Al Jawf,الجوف,16
2017-09-19,Ibb,47393,268,0.57,16.027,Ibb,إب,11
2017-09-19,Taizz,41671,180,0.43,13.898,Taizz,تعز,15
2017-09-19,Marib,4318,7,0.16,12.043,Marib,مأرب,26
2017-09-19,Al Maharah,1162,1,0.09,7.580,Al Maharah,المهرة,28
2017-09-19,Sa'ada,4358,5,0.11,4.781,Sa'ada,صعدة,22
2017-09-19,Shabwah,1210,3,0.25,1.902,Shabwah,شبوة,21
2017-09-19,Moklla,424,1,0.24,0.547,#N/A,#N/A,#N/A
2017-09-19,Say'on,14,0,0.00,0.021,#N/A,#N/A,#N/A
2017-09-18,Amran,70694,163,0.23,60.914,Amran,عمران,29
2017-09-18,Al Mahwit,40952,140,0.34,56.083,Al Mahwit,المحويت,27
2017-09-18,Al Dhale'e,39450,79,0.20,53.931,Al Dhale'e,الضالع,30
2017-09-18,Abyan,24983,35,0.14,43.766,Abyan,أبين,12
2017-09-18,Hajjah,76995,393,0.51,33.049,Hajjah,حجة,17
2017-09-18,Dhamar,61621,148,0.24,30.623,Dhamar,ذمار,20
2017-09-18,Al Bayda,21283,28,0.13,28.027,Al Bayda,البيضاء,14
2017-09-18,Al Hudaydah,89763,244,0.27,27.720,Al Hudaydah,الحديدة,18
2017-09-18,Amanat Al Asimah,72913,66,0.09,25.784,Amanat Al Asimah,أمانة العاصمة,13
2017-09-18,Sana'a,37587,122,0.32,25.563,Sana'a,صنعاء,23
2017-09-18,Raymah,11379,110,0.97,18.753,Raymah,ريمة,31
2017-09-18,Aden,17242,60,0.35,18.680,Aden,عدن,24
2017-09-18,Lahj,18146,20,0.11,17.987,Lahj,لحج,25
2017-09-18,Al Jawf,9960,20,0.20,17.214,Al Jawf,الجوف,16
2017-09-18,Ibb,47121,267,0.57,15.935,Ibb,إب,11
2017-09-18,Taizz,41424,179,0.43,13.816,Taizz,تعز,15
2017-09-18,Marib,4287,7,0.16,11.957,Marib,مأرب,26
2017-09-18,Al Maharah,1161,1,0.09,7.573,Al Maharah,المهرة,28
2017-09-18,Sa'ada,4218,5,0.12,4.628,Sa'ada,صعدة,22
2017-09-18,Shabwah,1208,3,0.25,1.899,Shabwah,شبوة,21
2017-09-18,Moklla,413,1,0.24,0.533,#N/A,#N/A,#N/A
2017-09-18,Say'on,14,0,0.00,0.021,#N/A,#N/A,#N/A
2017-09-17,Amran,70242,162,0.23,60.524,Amran,عمران,29
2017-09-17,Al Mahwit,40638,140,0.34,55.653,Al Mahwit,المحويت,27
2017-09-17,Al Dhale'e,39268,79,0.20,53.682,Al Dhale'e,الضالع,30
2017-09-17,Abyan,24619,35,0.14,43.128,Abyan,أبين,12
2017-09-17,Hajjah,76988,393,0.51,33.046,Hajjah,حجة,17
2017-09-17,Dhamar,61129,148,0.24,30.378,Dhamar,ذمار,20
2017-09-17,Al Bayda,20965,28,0.13,27.608,Al Bayda,البيضاء,14
2017-09-17,Al Hudaydah,88741,244,0.27,27.404,Al Hudaydah,الحديدة,18
2017-09-17,Amanat Al Asimah,72500,66,0.09,25.638,Amanat Al Asimah,أمانة العاصمة,13
2017-09-17,Sana'a,36875,122,0.33,25.079,Sana'a,صنعاء,23
2017-09-17,Aden,17242,60,0.35,18.680,Aden,عدن,24
2017-09-17,Raymah,11315,110,0.97,18.648,Raymah,ريمة,31
2017-09-17,Lahj,17945,20,0.11,17.787,Lahj,لحج,25
2017-09-17,Al Jawf,9728,20,0.21,16.813,Al Jawf,الجوف,16
2017-09-17,Ibb,46926,267,0.57,15.869,Ibb,إب,11
2017-09-17,Taizz,40585,179,0.44,13.536,Taizz,تعز,15
2017-09-17,Marib,4213,7,0.17,11.750,Marib,مأرب,26
2017-09-17,Al Maharah,1159,1,0.09,7.560,Al Maharah,المهرة,28
2017-09-17,Sa'ada,4090,5,0.12,4.487,Sa'ada,صعدة,22
2017-09-17,Shabwah,1198,3,0.25,1.884,Shabwah,شبوة,21
2017-09-17,Moklla,403,1,0.25,0.520,#N/A,#N/A,#N/A
2017-09-17,Say'on,14,0,0.00,0.021,#N/A,#N/A,#N/A
2017-09-16,Amran,69707,162,0.23,60.063,Amran,عمران,29
2017-09-16,Al Mahwit,40392,140,0.35,55.316,Al Mahwit,المحويت,27
2017-09-16,Al Dhale'e,38829,79,0.20,53.082,Al Dhale'e,الضالع,30
2017-09-16,Abyan,24619,35,0.14,43.128,Abyan,أبين,12
2017-09-16,Hajjah,76641,393,0.51,32.897,Hajjah,حجة,17
2017-09-16,Dhamar,60625,148,0.24,30.128,Dhamar,ذمار,20
2017-09-16,Al Bayda,20965,28,0.13,27.608,Al Bayda,البيضاء,14
2017-09-16,Al Hudaydah,87624,243,0.28,27.059,Al Hudaydah,الحديدة,18
2017-09-16,Amanat Al Asimah,72020,66,0.09,25.468,Amanat Al Asimah,أمانة العاصمة,13
2017-09-16,Sana'a,35943,122,0.34,24.445,Sana'a,صنعاء,23
2017-09-16,Aden,17134,60,0.35,18.563,Aden,عدن,24
2017-09-16,Raymah,11257,108,0.96,18.552,Raymah,ريمة,31
2017-09-16,Lahj,17771,20,0.11,17.615,Lahj,لحج,25
2017-09-16,Al Jawf,9728,20,0.21,16.813,Al Jawf,الجوف,16
2017-09-16,Ibb,46656,266,0.57,15.777,Ibb,إب,11
2017-09-16,Taizz,40364,179,0.44,13.462,Taizz,تعز,15
2017-09-16,Marib,4213,7,0.17,11.750,Marib,مأرب,26
2017-09-16,Al Maharah,1159,1,0.09,7.560,Al Maharah,المهرة,28
2017-09-16,Sa'ada,3966,5,0.13,4.351,Sa'ada,صعدة,22
2017-09-16,Shabwah,1198,3,0.25,1.884,Shabwah,شبوة,21
2017-09-16,Moklla,382,1,0.26,0.493,#N/A,#N/A,#N/A
2017-09-16,Say'on,14,0,0.00,0.021,#N/A,#N/A,#N/A
2017-09-15,Amran,69266,161,0.23,59.683,Amran,عمران,29
2017-09-15,Al Mahwit,40118,140,0.35,54.940,Al Mahwit,المحويت,27
2017-09-15,Al Dhale'e,38591,79,0.20,52.756,Al Dhale'e,الضالع,30
2017-09-15,Abyan,24414,35,0.14,42.769,Abyan,أبين,12
2017-09-15,Hajjah,76104,393,0.52,32.666,Hajjah,حجة,17
2017-09-15,Dhamar,60057,148,0.25,29.845,Dhamar,ذمار,20
2017-09-15,Al Bayda,20831,28,0.13,27.431,Al Bayda,البيضاء,14
2017-09-15,Al Hudaydah,86571,241,0.28,26.734,Al Hudaydah,الحديدة,18
2017-09-15,Amanat Al Asimah,71740,66,0.09,25.369,Amanat Al Asimah,أمانة العاصمة,13
2017-09-15,Sana'a,35155,122,0.35,23.909,Sana'a,صنعاء,23
2017-09-15,Aden,17050,60,0.35,18.472,Aden,عدن,24
2017-09-15,Raymah,11203,108,0.96,18.463,Raymah,ريمة,31
2017-09-15,Lahj,17529,20,0.11,17.375,Lahj,لحج,25
2017-09-15,Al Jawf,9638,20,0.21,16.658,Al Jawf,الجوف,16
2017-09-15,Ibb,46442,266,0.57,15.705,Ibb,إب,11
2017-09-15,Taizz,40361,179,0.44,13.461,Taizz,تعز,15
2017-09-15,Marib,4180,7,0.17,11.658,Marib,مأرب,26
2017-09-15,Al Maharah,1159,1,0.09,7.560,Al Maharah,المهرة,28
2017-09-15,Sa'ada,3872,5,0.13,4.248,Sa'ada,صعدة,22
2017-09-15,Shabwah,1185,3,0.25,1.863,Shabwah,شبوة,21
2017-09-15,Moklla,364,1,0.27,0.470,#N/A,#N/A,#N/A
2017-09-15,Say'on,14,0,0.00,0.021,#N/A,#N/A,#N/A
2017-09-14,Amran,68155,161,0.24,58.726,Amran,عمران,29
2017-09-14,Al Mahwit,39803,140,0.35,54.509,Al Mahwit,المحويت,27
2017-09-14,Al Dhale'e,38328,79,0.21,52.397,Al Dhale'e,الضالع,30
2017-09-14,Abyan,24079,35,0.15,42.182,Abyan,أبين,12
2017-09-14,Hajjah,75421,393,0.52,32.373,Hajjah,حجة,17
2017-09-14,Dhamar,59514,148,0.25,29.576,Dhamar,ذمار,20
2017-09-14,Al Bayda,20714,27,0.13,27.277,Al Bayda,البيضاء,14
2017-09-14,Al Hudaydah,85697,241,0.28,26.464,Al Hudaydah,الحديدة,18
2017-09-14,Amanat Al Asimah,71346,66,0.09,25.230,Amanat Al Asimah,أمانة العاصمة,13
2017-09-14,Sana'a,34585,122,0.35,23.522,Sana'a,صنعاء,23
2017-09-14,Aden,16980,60,0.35,18.397,Aden,عدن,24
2017-09-14,Raymah,11157,108,0.97,18.387,Raymah,ريمة,31
2017-09-14,Lahj,17527,20,0.11,17.373,Lahj,لحج,25
2017-09-14,Al Jawf,9538,20,0.21,16.485,Al Jawf,الجوف,16
2017-09-14,Ibb,46229,265,0.57,15.633,Ibb,إب,11
2017-09-14,Taizz,40082,179,0.45,13.368,Taizz,تعز,15
2017-09-14,Marib,4148,7,0.17,11.569,Marib,مأرب,26
2017-09-14,Al Maharah,1159,1,0.09,7.560,Al Maharah,المهرة,28
2017-09-14,Sa'ada,3781,5,0.13,4.148,Sa'ada,صعدة,22
2017-09-14,Shabwah,1164,3,0.26,1.830,Shabwah,شبوة,21
2017-09-14,Moklla,355,1,0.28,0.458,#N/A,#N/A,#N/A
2017-09-14,Say'on,14,0,0.00,0.021,#N/A,#N/A,#N/A
2017-09-13,Amran,68151,161,0.24,58.723,Amran,عمران,29
2017-09-13,Al Mahwit,39617,140,0.35,54.254,Al Mahwit,المحويت,27
2017-09-13,Al Dhale'e,38036,79,0.21,51.998,Al Dhale'e,الضالع,30
2017-09-13,Abyan,23685,35,0.15,41.492,Abyan,أبين,12
2017-09-13,Hajjah,74349,393,0.53,31.913,Hajjah,حجة,17
2017-09-13,Dhamar,58334,146,0.25,28.989,Dhamar,ذمار,20
2017-09-13,Al Bayda,20547,27,0.13,27.057,Al Bayda,البيضاء,14
2017-09-13,Al Hudaydah,84545,241,0.29,26.109,Al Hudaydah,الحديدة,18
2017-09-13,Amanat Al Asimah,71081,66,0.09,25.136,Amanat Al Asimah,أمانة العاصمة,13
2017-09-13,Sana'a,34276,122,0.36,23.312,Sana'a,صنعاء,23
2017-09-13,Aden,16917,60,0.35,18.328,Aden,عدن,24
2017-09-13,Raymah,11083,107,0.97,18.265,Raymah,ريمة,31
2017-09-13,Lahj,17116,20,0.12,16.966,Lahj,لحج,25
2017-09-13,Al Jawf,9419,20,0.21,16.279,Al Jawf,الجوف,16
2017-09-13,Ibb,46025,264,0.57,15.564,Ibb,إب,11
2017-09-13,Taizz,39771,176,0.44,13.265,Taizz,تعز,15
2017-09-13,Marib,4148,7,0.17,11.569,Marib,مأرب,26
2017-09-13,Al Maharah,1156,1,0.09,7.540,Al Maharah,المهرة,28
2017-09-13,Sa'ada,3679,5,0.14,4.036,Sa'ada,صعدة,22
2017-09-13,Shabwah,1164,3,0.26,1.830,Shabwah,شبوة,21
2017-09-13,Moklla,338,1,0.30,0.436,#N/A,#N/A,#N/A
2017-09-13,Say'on,14,0,0.00,0.021,#N/A,#N/A,#N/A
2017-09-12,Amran,67590,161,0.24,58.239,Amran,عمران,29
2017-09-12,Al Mahwit,39300,138,0.35,53.820,Al Mahwit,المحويت,27
2017-09-12,Al Dhale'e,38036,79,0.21,51.998,Al Dhale'e,الضالع,30
2017-09-12,Abyan,23681,35,0.15,41.485,Abyan,أبين,12
2017-09-12,Hajjah,73720,392,0.53,31.643,Hajjah,حجة,17
2017-09-12,Dhamar,58315,146,0.25,28.980,Dhamar,ذمار,20
2017-09-12,Al Bayda,20323,27,0.13,26.762,Al Bayda,البيضاء,14
2017-09-12,Al Hudaydah,83472,241,0.29,25.777,Al Hudaydah,الحديدة,18
2017-09-12,Amanat Al Asimah,70669,66,0.09,24.991,Amanat Al Asimah,أمانة العاصمة,13
2017-09-12,Sana'a,33977,122,0.36,23.108,Sana'a,صنعاء,23
2017-09-12,Aden,16822,60,0.36,18.225,Aden,عدن,24
2017-09-12,Raymah,11035,107,0.97,18.186,Raymah,ريمة,31
2017-09-12,Lahj,16877,20,0.12,16.729,Lahj,لحج,25
2017-09-12,Al Jawf,9298,20,0.22,16.070,Al Jawf,الجوف,16
2017-09-12,Ibb,45643,264,0.58,15.435,Ibb,إب,11
2017-09-12,Taizz,39589,176,0.44,13.204,Taizz,تعز,15
2017-09-12,Marib,4114,7,0.17,11.474,Marib,مأرب,26
2017-09-12,Al Maharah,1154,1,0.09,7.527,Al Maharah,المهرة,28
2017-09-12,Sa'ada,3590,5,0.14,3.939,Sa'ada,صعدة,22
2017-09-12,Shabwah,1150,3,0.26,1.808,Shabwah,شبوة,21
2017-09-12,Moklla,313,1,0.32,0.404,#N/A,#N/A,#N/A
2017-09-12,Say'on,10,0,0.00,0.015,#N/A,#N/A,#N/A
2017-09-11,Amran,67099,161,0.24,57.816,Amran,عمران,29
2017-09-11,Al Mahwit,38833,138,0.36,53.181,Al Mahwit,المحويت,27
2017-09-11,Al Dhale'e,37498,79,0.21,51.262,Al Dhale'e,الضالع,30
2017-09-11,Abyan,23465,35,0.15,41.107,Abyan,أبين,12
2017-09-11,Hajjah,73077,391,0.54,31.367,Hajjah,حجة,17
2017-09-11,Dhamar,57774,146,0.25,28.711,Dhamar,ذمار,20
2017-09-11,Al Bayda,20141,27,0.13,26.523,Al Bayda,البيضاء,14
2017-09-11,Al Hudaydah,82301,241,0.29,25.416,Al Hudaydah,الحديدة,18
2017-09-11,Amanat Al Asimah,70350,66,0.09,24.878,Amanat Al Asimah,أمانة العاصمة,13
2017-09-11,Sana'a,33674,122,0.36,22.902,Sana'a,صنعاء,23
2017-09-11,Aden,16742,60,0.36,18.139,Aden,عدن,24
2017-09-11,Raymah,10957,106,0.97,18.058,Raymah,ريمة,31
2017-09-11,Lahj,16637,20,0.12,16.491,Lahj,لحج,25
2017-09-11,Al Jawf,9180,20,0.22,15.866,Al Jawf,الجوف,16
2017-09-11,Ibb,45314,262,0.58,15.324,Ibb,إب,11
2017-09-11,Taizz,39411,175,0.44,13.144,Taizz,تعز,15
2017-09-11,Marib,4029,7,0.17,11.237,Marib,مأرب,26
2017-09-11,Al Maharah,1153,1,0.09,7.521,Al Maharah,المهرة,28
2017-09-11,Sa'ada,3473,5,0.14,3.810,Sa'ada,صعدة,22
2017-09-11,Shabwah,1111,3,0.27,1.747,Shabwah,شبوة,21
2017-09-11,Moklla,313,1,0.32,0.404,#N/A,#N/A,#N/A
2017-09-11,Say'on,10,0,0.00,0.015,#N/A,#N/A,#N/A
2017-09-10,Amran,66512,161,0.24,57.310,Amran,عمران,29
2017-09-10,Al Mahwit,38702,138,0.36,53.001,Al Mahwit,المحويت,27
2017-09-10,Al Dhale'e,37206,79,0.21,50.863,Al Dhale'e,الضالع,30
2017-09-10,Abyan,23222,35,0.15,40.681,Abyan,أبين,12
2017-09-10,Hajjah,72029,390,0.54,30.917,Hajjah,حجة,17
2017-09-10,Dhamar,57168,146,0.26,28.410,Dhamar,ذمار,20
2017-09-10,Al Bayda,19931,27,0.14,26.246,Al Bayda,البيضاء,14
2017-09-10,Al Hudaydah,81187,241,0.30,25.072,Al Hudaydah,الحديدة,18
2017-09-10,Amanat Al Asimah,70012,66,0.09,24.758,Amanat Al Asimah,أمانة العاصمة,13
2017-09-10,Sana'a,33390,122,0.37,22.709,Sana'a,صنعاء,23
2017-09-10,Aden,16606,60,0.36,17.991,Aden,عدن,24
2017-09-10,Raymah,10905,106,0.97,17.972,Raymah,ريمة,31
2017-09-10,Lahj,16424,20,0.12,16.280,Lahj,لحج,25
2017-09-10,Al Jawf,9082,20,0.22,15.697,Al Jawf,الجوف,16
2017-09-10,Ibb,44881,262,0.58,15.177,Ibb,إب,11
2017-09-10,Taizz,38975,175,0.45,12.999,Taizz,تعز,15
2017-09-10,Marib,3994,7,0.18,11.140,Marib,مأرب,26
2017-09-10,Al Maharah,1151,1,0.09,7.508,Al Maharah,المهرة,28
2017-09-10,Sa'ada,3350,5,0.15,3.675,Sa'ada,صعدة,22
2017-09-10,Shabwah,1084,3,0.28,1.704,Shabwah,شبوة,21
2017-09-10,Moklla,311,1,0.32,0.402,#N/A,#N/A,#N/A
2017-09-10,Say'on,10,0,0.00,0.015,#N/A,#N/A,#N/A
2017-09-09,Amran,66018,161,0.24,56.885,Amran,عمران,29
2017-09-09,Al Mahwit,38398,138,0.36,52.585,Al Mahwit,المحويت,27
2017-09-09,Al Dhale'e,37201,79,0.21,50.856,Al Dhale'e,الضالع,30
2017-09-09,Abyan,23222,35,0.15,40.681,Abyan,أبين,12
2017-09-09,Hajjah,71067,389,0.55,30.504,Hajjah,حجة,17
2017-09-09,Dhamar,56617,146,0.26,28.136,Dhamar,ذمار,20
2017-09-09,Al Bayda,19767,27,0.14,26.030,Al Bayda,البيضاء,14
2017-09-09,Al Hudaydah,80232,240,0.30,24.777,Al Hudaydah,الحديدة,18
2017-09-09,Amanat Al Asimah,69601,66,0.09,24.613,Amanat Al Asimah,أمانة العاصمة,13
2017-09-09,Sana'a,33128,122,0.37,22.531,Sana'a,صنعاء,23
2017-09-09,Aden,16522,60,0.36,17.900,Aden,عدن,24
2017-09-09,Raymah,10849,106,0.98,17.880,Raymah,ريمة,31
2017-09-09,Lahj,16261,20,0.12,16.118,Lahj,لحج,25
2017-09-09,Al Jawf,8944,20,0.22,15.458,Al Jawf,الجوف,16
2017-09-09,Ibb,44331,262,0.59,14.991,Ibb,إب,11
2017-09-09,Taizz,38742,175,0.45,12.921,Taizz,تعز,15
2017-09-09,Marib,3915,7,0.18,10.919,Marib,مأرب,26
2017-09-09,Al Maharah,1148,1,0.09,7.488,Al Maharah,المهرة,28
2017-09-09,Sa'ada,3307,5,0.15,3.628,Sa'ada,صعدة,22
2017-09-09,Shabwah,1025,3,0.29,1.612,Shabwah,شبوة,21
2017-09-09,Moklla,304,1,0.33,0.393,#N/A,#N/A,#N/A
2017-09-09,Say'on,10,0,0.00,0.015,#N/A,#N/A,#N/A
2017-09-08,Amran,65510,161,0.25,56.447,Amran,عمران,29
2017-09-08,Al Mahwit,38136,138,0.36,52.226,Al Mahwit,المحويت,27
2017-09-08,Al Dhale'e,36641,79,0.22,50.090,Al Dhale'e,الضالع,30
2017-09-08,Abyan,23030,35,0.15,40.345,Abyan,أبين,12
2017-09-08,Hajjah,70893,389,0.55,30.430,Hajjah,حجة,17
2017-09-08,Dhamar,56081,146,0.26,27.870,Dhamar,ذمار,20
2017-09-08,Al Bayda,19574,27,0.14,25.776,Al Bayda,البيضاء,14
2017-09-08,Al Hudaydah,79360,240,0.30,24.507,Al Hudaydah,الحديدة,18
2017-09-08,Amanat Al Asimah,69162,65,0.09,24.458,Amanat Al Asimah,أمانة العاصمة,13
2017-09-08,Sana'a,32652,122,0.37,22.207,Sana'a,صنعاء,23
2017-09-08,Aden,16522,60,0.36,17.900,Aden,عدن,24
2017-09-08,Raymah,10788,106,0.98,17.779,Raymah,ريمة,31
2017-09-08,Lahj,16090,20,0.12,15.949,Lahj,لحج,25
2017-09-08,Al Jawf,8810,20,0.23,15.227,Al Jawf,الجوف,16
2017-09-08,Ibb,44128,262,0.59,14.923,Ibb,إب,11
2017-09-08,Taizz,38737,175,0.45,12.920,Taizz,تعز,15
2017-09-08,Marib,3914,7,0.18,10.916,Marib,مأرب,26
2017-09-08,Al Maharah,1147,1,0.09,7.482,Al Maharah,المهرة,28
2017-09-08,Sa'ada,3238,5,0.15,3.553,Sa'ada,صعدة,22
2017-09-08,Shabwah,1025,3,0.29,1.612,Shabwah,شبوة,21
2017-09-08,Moklla,304,1,0.33,0.393,#N/A,#N/A,#N/A
2017-09-08,Say'on,10,0,0.00,0.015,#N/A,#N/A,#N/A
2017-09-07,Amran,64803,161,0.25,55.838,Amran,عمران,29
2017-09-07,Al Mahwit,37854,138,0.36,51.840,Al Mahwit,المحويت,27
2017-09-07,Al Dhale'e,36306,79,0.22,49.633,Al Dhale'e,الضالع,30
2017-09-07,Abyan,22675,35,0.15,39.723,Abyan,أبين,12
2017-09-07,Hajjah,69428,389,0.56,29.801,Hajjah,حجة,17
2017-09-07,Dhamar,55498,146,0.26,27.580,Dhamar,ذمار,20
2017-09-07,Al Bayda,19369,27,0.14,25.506,Al Bayda,البيضاء,14
2017-09-07,Amanat Al Asimah,68872,65,0.09,24.355,Amanat Al Asimah,أمانة العاصمة,13
2017-09-07,Al Hudaydah,78706,239,0.30,24.305,Al Hudaydah,الحديدة,18
2017-09-07,Sana'a,32283,122,0.38,21.956,Sana'a,صنعاء,23
2017-09-07,Aden,16435,60,0.37,17.806,Aden,عدن,24
2017-09-07,Raymah,10726,106,0.99,17.677,Raymah,ريمة,31
2017-09-07,Lahj,15870,20,0.13,15.731,Lahj,لحج,25
2017-09-07,Al Jawf,8696,20,0.23,15.030,Al Jawf,الجوف,16
2017-09-07,Ibb,43801,262,0.60,14.812,Ibb,إب,11
2017-09-07,Taizz,38623,175,0.45,12.882,Taizz,تعز,15
2017-09-07,Marib,3914,7,0.18,10.916,Marib,مأرب,26
2017-09-07,Al Maharah,1147,1,0.09,7.482,Al Maharah,المهرة,28
2017-09-07,Sa'ada,3176,5,0.16,3.484,Sa'ada,صعدة,22
2017-09-07,Shabwah,1025,3,0.29,1.612,Shabwah,شبوة,21
2017-09-07,Moklla,276,1,0.36,0.356,#N/A,#N/A,#N/A
2017-09-07,Say'on,10,0,0.00,0.015,#N/A,#N/A,#N/A
2017-09-06,Amran,64154,160,0.25,55.279,Amran,عمران,29
2017-09-06,Al Mahwit,37617,137,0.36,51.515,Al Mahwit,المحويت,27
2017-09-06,Al Dhale'e,35958,79,0.22,49.157,Al Dhale'e,الضالع,30
2017-09-06,Abyan,22673,35,0.15,39.719,Abyan,أبين,12
2017-09-06,Hajjah,68433,387,0.57,29.374,Hajjah,حجة,17
2017-09-06,Dhamar,54819,145,0.26,27.242,Dhamar,ذمار,20
2017-09-06,Al Bayda,19153,27,0.14,25.222,Al Bayda,البيضاء,14
2017-09-06,Amanat Al Asimah,68349,64,0.09,24.170,Amanat Al Asimah,أمانة العاصمة,13
2017-09-06,Al Hudaydah,78091,239,0.31,24.116,Al Hudaydah,الحديدة,18
2017-09-06,Sana'a,32160,122,0.38,21.872,Sana'a,صنعاء,23
2017-09-06,Aden,16341,60,0.37,17.704,Aden,عدن,24
2017-09-06,Raymah,10689,106,0.99,17.616,Raymah,ريمة,31
2017-09-06,Lahj,15867,20,0.13,15.728,Lahj,لحج,25
2017-09-06,Al Jawf,8570,20,0.23,14.812,Al Jawf,الجوف,16
2017-09-06,Ibb,43794,262,0.60,14.810,Ibb,إب,11
2017-09-06,Taizz,38351,175,0.46,12.791,Taizz,تعز,15
2017-09-06,Marib,3868,7,0.18,10.788,Marib,مأرب,26
2017-09-06,Al Maharah,1143,1,0.09,7.456,Al Maharah,المهرة,28
2017-09-06,Sa'ada,3105,5,0.16,3.407,Sa'ada,صعدة,22
2017-09-06,Shabwah,962,3,0.31,1.513,Shabwah,شبوة,21
2017-09-06,Moklla,272,1,0.37,0.351,#N/A,#N/A,#N/A
2017-09-06,Say'on,10,0,0.00,0.015,#N/A,#N/A,#N/A
2017-09-05,Amran,63255,160,0.25,54.504,Amran,عمران,29
2017-09-05,Al Mahwit,37310,137,0.37,51.095,Al Mahwit,المحويت,27
2017-09-05,Al Dhale'e,35602,79,0.22,48.670,Al Dhale'e,الضالع,30
2017-09-05,Abyan,22477,35,0.16,39.376,Abyan,أبين,12
2017-09-05,Hajjah,67770,386,0.57,29.089,Hajjah,حجة,17
2017-09-05,Dhamar,54157,145,0.27,26.913,Dhamar,ذمار,20
2017-09-05,Al Bayda,18903,27,0.14,24.892,Al Bayda,البيضاء,14
2017-09-05,Amanat Al Asimah,68040,64,0.09,24.061,Amanat Al Asimah,أمانة العاصمة,13
2017-09-05,Al Hudaydah,77286,239,0.31,23.867,Al Hudaydah,الحديدة,18
2017-09-05,Sana'a,31758,122,0.38,21.599,Sana'a,صنعاء,23
2017-09-05,Aden,16282,60,0.37,17.640,Aden,عدن,24
2017-09-05,Raymah,10621,106,1.00,17.504,Raymah,ريمة,31
2017-09-05,Lahj,15653,20,0.13,15.515,Lahj,لحج,25
2017-09-05,Ibb,43501,262,0.60,14.711,Ibb,إب,11
2017-09-05,Al Jawf,8388,20,0.24,14.497,Al Jawf,الجوف,16
2017-09-05,Taizz,38067,175,0.46,12.696,Taizz,تعز,15
2017-09-05,Marib,3868,7,0.18,10.788,Marib,مأرب,26
2017-09-05,Al Maharah,1140,1,0.09,7.436,Al Maharah,المهرة,28
2017-09-05,Sa'ada,3035,5,0.16,3.330,Sa'ada,صعدة,22
2017-09-05,Shabwah,818,3,0.37,1.286,Shabwah,شبوة,21
2017-09-05,Moklla,268,1,0.37,0.346,#N/A,#N/A,#N/A
2017-09-05,Say'on,10,0,0.00,0.015,#N/A,#N/A,#N/A
2017-09-04,Amran,62702,159,0.25,54.027,Amran,عمران,29
2017-09-04,Al Mahwit,36952,136,0.37,50.605,Al Mahwit,المحويت,27
2017-09-04,Al Dhale'e,35309,79,0.22,48.270,Al Dhale'e,الضالع,30
2017-09-04,Abyan,22277,35,0.16,39.025,Abyan,أبين,12
2017-09-04,Hajjah,67237,384,0.57,28.860,Hajjah,حجة,17
2017-09-04,Dhamar,53512,145,0.27,26.593,Dhamar,ذمار,20
2017-09-04,Al Bayda,18724,27,0.14,24.657,Al Bayda,البيضاء,14
2017-09-04,Amanat Al Asimah,67734,64,0.09,23.953,Amanat Al Asimah,أمانة العاصمة,13
2017-09-04,Al Hudaydah,76528,239,0.31,23.633,Al Hudaydah,الحديدة,18
2017-09-04,Sana'a,31646,122,0.39,21.523,Sana'a,صنعاء,23
2017-09-04,Aden,16200,60,0.37,17.552,Aden,عدن,24
2017-09-04,Raymah,10523,106,1.01,17.342,Raymah,ريمة,31
2017-09-04,Lahj,15446,20,0.13,15.310,Lahj,لحج,25
2017-09-04,Ibb,43210,262,0.61,14.612,Ibb,إب,11
2017-09-04,Al Jawf,8297,20,0.24,14.340,Al Jawf,الجوف,16
2017-09-04,Taizz,37683,175,0.46,12.568,Taizz,تعز,15
2017-09-04,Marib,3622,7,0.19,10.102,Marib,مأرب,26
2017-09-04,Al Maharah,1137,1,0.09,7.417,Al Maharah,المهرة,28
2017-09-04,Sa'ada,2966,5,0.17,3.254,Sa'ada,صعدة,22
2017-09-04,Shabwah,743,1,0.13,1.168,Shabwah,شبوة,21
2017-09-04,Moklla,245,1,0.41,0.316,#N/A,#N/A,#N/A
2017-09-04,Say'on,10,0,0.00,0.015,#N/A,#N/A,#N/A
2017-09-03,Amran,62213,159,0.26,53.606,Amran,عمران,29
2017-09-03,Al Mahwit,36484,136,0.37,49.964,Al Mahwit,المحويت,27
2017-09-03,Al Dhale'e,35013,79,0.23,47.865,Al Dhale'e,الضالع,30
2017-09-03,Abyan,22052,35,0.16,38.631,Abyan,أبين,12
2017-09-03,Hajjah,66320,384,0.58,28.467,Hajjah,حجة,17
2017-09-03,Dhamar,52927,145,0.27,26.302,Dhamar,ذمار,20
2017-09-03,Al Bayda,18487,27,0.15,24.345,Al Bayda,البيضاء,14
2017-09-03,Amanat Al Asimah,67222,64,0.10,23.772,Amanat Al Asimah,أمانة العاصمة,13
2017-09-03,Al Hudaydah,75850,239,0.32,23.424,Al Hudaydah,الحديدة,18
2017-09-03,Sana'a,31466,122,0.39,21.400,Sana'a,صنعاء,23
2017-09-03,Aden,16119,60,0.37,17.464,Aden,عدن,24
2017-09-03,Raymah,10477,106,1.01,17.267,Raymah,ريمة,31
2017-09-03,Lahj,15238,20,0.13,15.104,Lahj,لحج,25
2017-09-03,Ibb,42845,262,0.61,14.489,Ibb,إب,11
2017-09-03,Al Jawf,8170,19,0.23,14.121,Al Jawf,الجوف,16
2017-09-03,Taizz,37529,175,0.47,12.517,Taizz,تعز,15
2017-09-03,Marib,3622,7,0.19,10.102,Marib,مأرب,26
2017-09-03,Al Maharah,1130,1,0.09,7.371,Al Maharah,المهرة,28
2017-09-03,Sa'ada,2920,5,0.17,3.204,Sa'ada,صعدة,22
2017-09-03,Shabwah,743,1,0.13,1.168,Shabwah,شبوة,21
2017-09-03,Moklla,228,1,0.44,0.294,#N/A,#N/A,#N/A
2017-09-03,Say'on,10,0,0.00,0.015,#N/A,#N/A,#N/A
2017-09-02,Amran,61736,159,0.26,53.195,Amran,عمران,29
2017-09-02,Al Mahwit,36178,136,0.38,49.545,Al Mahwit,المحويت,27
2017-09-02,Al Dhale'e,34779,79,0.23,47.545,Al Dhale'e,الضالع,30
2017-09-02,Abyan,21814,35,0.16,38.214,Abyan,أبين,12
2017-09-02,Hajjah,65943,384,0.58,28.305,Hajjah,حجة,17
2017-09-02,Dhamar,52376,145,0.28,26.028,Dhamar,ذمار,20
2017-09-02,Al Bayda,18323,27,0.15,24.129,Al Bayda,البيضاء,14
2017-09-02,Amanat Al Asimah,66928,64,0.10,23.668,Amanat Al Asimah,أمانة العاصمة,13
2017-09-02,Al Hudaydah,75303,239,0.32,23.255,Al Hudaydah,الحديدة,18
2017-09-02,Sana'a,31333,122,0.39,21.310,Sana'a,صنعاء,23
2017-09-02,Aden,16021,59,0.37,17.358,Aden,عدن,24
2017-09-02,Raymah,10421,106,1.02,17.174,Raymah,ريمة,31
2017-09-02,Lahj,15022,20,0.13,14.890,Lahj,لحج,25
2017-09-02,Ibb,42487,259,0.61,14.368,Ibb,إب,11
2017-09-02,Al Jawf,7882,19,0.24,13.623,Al Jawf,الجوف,16
2017-09-02,Taizz,37395,175,0.47,12.472,Taizz,تعز,15
2017-09-02,Marib,3622,7,0.19,10.102,Marib,مأرب,26
2017-09-02,Al Maharah,1126,1,0.09,7.345,Al Maharah,المهرة,28
2017-09-02,Sa'ada,2863,5,0.17,3.141,Sa'ada,صعدة,22
2017-09-02,Shabwah,743,1,0.13,1.168,Shabwah,شبوة,21
2017-09-02,Moklla,221,1,0.45,0.285,#N/A,#N/A,#N/A
2017-09-02,Say'on,10,0,0.00,0.015,#N/A,#N/A,#N/A
2017-09-01,Amran,61414,159,0.26,52.918,Amran,عمران,29
2017-09-01,Al Mahwit,36036,136,0.38,49.350,Al Mahwit,المحويت,27
2017-09-01,Al Dhale'e,34778,79,0.23,47.544,Al Dhale'e,الضالع,30
2017-09-01,Abyan,21586,35,0.16,37.815,Abyan,أبين,12
2017-09-01,Hajjah,65176,383,0.59,27.976,Hajjah,حجة,17
2017-09-01,Dhamar,51891,145,0.28,25.787,Dhamar,ذمار,20
2017-09-01,Al Bayda,18177,27,0.15,23.936,Al Bayda,البيضاء,14
2017-09-01,Amanat Al Asimah,66675,64,0.10,23.578,Amanat Al Asimah,أمانة العاصمة,13
2017-09-01,Al Hudaydah,74657,239,0.32,23.055,Al Hudaydah,الحديدة,18
2017-09-01,Sana'a,31281,122,0.39,21.275,Sana'a,صنعاء,23
2017-09-01,Aden,15955,59,0.37,17.286,Aden,عدن,24
2017-09-01,Raymah,10348,106,1.02,17.054,Raymah,ريمة,31
2017-09-01,Lahj,14911,20,0.13,14.780,Lahj,لحج,25
2017-09-01,Ibb,42188,259,0.61,14.266,Ibb,إب,11
2017-09-01,Al Jawf,7882,19,0.24,13.623,Al Jawf,الجوف,16
2017-09-01,Taizz,37309,175,0.47,12.443,Taizz,تعز,15
2017-09-01,Marib,3622,7,0.19,10.102,Marib,مأرب,26
2017-09-01,Al Maharah,1121,1,0.09,7.312,Al Maharah,المهرة,28
2017-09-01,Sa'ada,2802,5,0.18,3.074,Sa'ada,صعدة,22
2017-09-01,Shabwah,727,1,0.14,1.143,Shabwah,شبوة,21
2017-09-01,Moklla,217,1,0.46,0.280,#N/A,#N/A,#N/A
2017-09-01,Say'on,10,0,0.00,0.015,#N/A,#N/A,#N/A
2017-08-31,Amran,60986,159,0.26,52.549,Amran,عمران,29
2017-08-31,Al Mahwit,35964,136,0.38,49.252,Al Mahwit,المحويت,27
2017-08-31,Al Dhale'e,34616,78,0.23,47.322,Al Dhale'e,الضالع,30
2017-08-31,Abyan,21328,35,0.16,37.363,Abyan,أبين,12
2017-08-31,Hajjah,64832,383,0.59,27.828,Hajjah,حجة,17
2017-08-31,Dhamar,51556,145,0.28,25.621,Dhamar,ذمار,20
2017-08-31,Al Bayda,18070,27,0.15,23.795,Al Bayda,البيضاء,14
2017-08-31,Amanat Al Asimah,66523,64,0.10,23.524,Amanat Al Asimah,أمانة العاصمة,13
2017-08-31,Al Hudaydah,74102,239,0.32,22.884,Al Hudaydah,الحديدة,18
2017-08-31,Sana'a,31204,122,0.39,21.222,Sana'a,صنعاء,23
2017-08-31,Aden,15883,59,0.37,17.208,Aden,عدن,24
2017-08-31,Raymah,10239,106,1.04,16.874,Raymah,ريمة,31
2017-08-31,Lahj,14731,20,0.14,14.602,Lahj,لحج,25
2017-08-31,Ibb,41932,257,0.61,14.180,Ibb,إب,11
2017-08-31,Al Jawf,7713,18,0.23,13.331,Al Jawf,الجوف,16
2017-08-31,Taizz,37214,175,0.47,12.412,Taizz,تعز,15
2017-08-31,Marib,3620,7,0.19,10.096,Marib,مأرب,26
2017-08-31,Al Maharah,1119,1,0.09,7.299,Al Maharah,المهرة,28
2017-08-31,Sa'ada,2802,5,0.18,3.074,Sa'ada,صعدة,22
2017-08-31,Shabwah,727,1,0.14,1.143,Shabwah,شبوة,21
2017-08-31,Moklla,211,1,0.47,0.272,#N/A,#N/A,#N/A
2017-08-31,Say'on,10,0,0.00,0.015,#N/A,#N/A,#N/A
2017-08-30,Amran,60571,159,0.26,52.191,Amran,عمران,29
2017-08-30,Al Mahwit,35377,135,0.38,48.448,Al Mahwit,المحويت,27
2017-08-30,Al Dhale'e,34410,78,0.23,47.041,Al Dhale'e,الضالع,30
2017-08-30,Abyan,21327,35,0.16,37.361,Abyan,أبين,12
2017-08-30,Hajjah,64526,383,0.59,27.697,Hajjah,حجة,17
2017-08-30,Dhamar,51041,144,0.28,25.365,Dhamar,ذمار,20
2017-08-30,Al Bayda,17974,27,0.15,23.669,Al Bayda,البيضاء,14
2017-08-30,Amanat Al Asimah,66070,64,0.10,23.364,Amanat Al Asimah,أمانة العاصمة,13
2017-08-30,Al Hudaydah,73267,238,0.32,22.626,Al Hudaydah,الحديدة,18
2017-08-30,Sana'a,31105,122,0.39,21.155,Sana'a,صنعاء,23
2017-08-30,Aden,15802,59,0.37,17.120,Aden,عدن,24
2017-08-30,Raymah,10174,106,1.04,16.767,Raymah,ريمة,31
2017-08-30,Lahj,14569,20,0.14,14.441,Lahj,لحج,25
2017-08-30,Ibb,41610,257,0.62,14.071,Ibb,إب,11
2017-08-30,Al Jawf,7712,18,0.23,13.329,Al Jawf,الجوف,16
2017-08-30,Taizz,37145,175,0.47,12.389,Taizz,تعز,15
2017-08-30,Marib,3620,7,0.19,10.096,Marib,مأرب,26
2017-08-30,Al Maharah,1109,1,0.09,7.234,Al Maharah,المهرة,28
2017-08-30,Sa'ada,2775,5,0.18,3.045,Sa'ada,صعدة,22
2017-08-30,Shabwah,707,1,0.14,1.112,Shabwah,شبوة,21
2017-08-30,Moklla,199,1,0.50,0.257,#N/A,#N/A,#N/A
2017-08-30,Say'on,10,0,0.00,0.015,#N/A,#N/A,#N/A
2017-08-29,Amran,60033,158,0.26,51.728,Amran,عمران,29
2017-08-29,Al Mahwit,35048,135,0.39,47.997,Al Mahwit,المحويت,27
2017-08-29,Al Dhale'e,34104,78,0.23,46.622,Al Dhale'e,الضالع,30
2017-08-29,Abyan,21164,35,0.17,37.076,Abyan,أبين,12
2017-08-29,Hajjah,63051,382,0.61,27.064,Hajjah,حجة,17
2017-08-29,Dhamar,50495,144,0.29,25.094,Dhamar,ذمار,20
2017-08-29,Al Bayda,17824,27,0.15,23.472,Al Bayda,البيضاء,14
2017-08-29,Amanat Al Asimah,65878,64,0.10,23.296,Amanat Al Asimah,أمانة العاصمة,13
2017-08-29,Al Hudaydah,72565,238,0.33,22.409,Al Hudaydah,الحديدة,18
2017-08-29,Sana'a,30982,122,0.39,21.071,Sana'a,صنعاء,23
2017-08-29,Aden,15704,59,0.38,17.014,Aden,عدن,24
2017-08-29,Raymah,10172,106,1.04,16.764,Raymah,ريمة,31
2017-08-29,Lahj,14366,20,0.14,14.240,Lahj,لحج,25
2017-08-29,Ibb,41223,257,0.62,13.940,Ibb,إب,11
2017-08-29,Al Jawf,7610,18,0.24,13.153,Al Jawf,الجوف,16
2017-08-29,Taizz,36938,175,0.47,12.320,Taizz,تعز,15
2017-08-29,Marib,3620,7,0.19,10.096,Marib,مأرب,26
2017-08-29,Al Maharah,1109,1,0.09,7.234,Al Maharah,المهرة,28
2017-08-29,Sa'ada,2728,5,0.18,2.993,Sa'ada,صعدة,22
2017-08-29,Shabwah,707,1,0.14,1.112,Shabwah,شبوة,21
2017-08-29,Moklla,196,1,0.51,0.253,#N/A,#N/A,#N/A
2017-08-29,Say'on,10,0,0.00,0.015,#N/A,#N/A,#N/A
2017-08-28,Amran,59561,157,0.26,51.321,Amran,عمران,29
2017-08-28,Al Mahwit,34763,135,0.39,47.607,Al Mahwit,المحويت,27
2017-08-28,Al Dhale'e,33810,78,0.23,46.220,Al Dhale'e,الضالع,30
2017-08-28,Abyan,20976,35,0.17,36.746,Abyan,أبين,12
2017-08-28,Hajjah,62623,382,0.61,26.880,Hajjah,حجة,17
2017-08-28,Dhamar,49987,144,0.29,24.841,Dhamar,ذمار,20
2017-08-28,Al Bayda,17629,27,0.15,23.215,Al Bayda,البيضاء,14
2017-08-28,Amanat Al Asimah,65609,64,0.10,23.201,Amanat Al Asimah,أمانة العاصمة,13
2017-08-28,Al Hudaydah,71836,238,0.33,22.184,Al Hudaydah,الحديدة,18
2017-08-28,Sana'a,30865,122,0.40,20.992,Sana'a,صنعاء,23
2017-08-28,Aden,15608,59,0.38,16.910,Aden,عدن,24
2017-08-28,Raymah,10109,106,1.05,16.660,Raymah,ريمة,31
2017-08-28,Lahj,14150,20,0.14,14.026,Lahj,لحج,25
2017-08-28,Ibb,40828,256,0.63,13.807,Ibb,إب,11
2017-08-28,Al Jawf,7485,18,0.24,12.937,Al Jawf,الجوف,16
2017-08-28,Taizz,36710,175,0.48,12.244,Taizz,تعز,15
2017-08-28,Marib,3579,4,0.11,9.982,Marib,مأرب,26
2017-08-28,Al Maharah,1104,1,0.09,7.201,Al Maharah,المهرة,28
2017-08-28,Sa'ada,2690,5,0.19,2.951,Sa'ada,صعدة,22
2017-08-28,Shabwah,705,1,0.14,1.108,Shabwah,شبوة,21
2017-08-28,Moklla,190,1,0.53,0.245,#N/A,#N/A,#N/A
2017-08-28,Say'on,10,0,0.00,0.015,#N/A,#N/A,#N/A
2017-08-27,Amran,59000,157,0.27,50.838,Amran,عمران,29
2017-08-27,Al Mahwit,34403,135,0.39,47.114,Al Mahwit,المحويت,27
2017-08-27,Al Dhale'e,33493,78,0.23,45.787,Al Dhale'e,الضالع,30
2017-08-27,Abyan,20771,35,0.17,36.387,Abyan,أبين,12
2017-08-27,Hajjah,62081,382,0.62,26.647,Hajjah,حجة,17
2017-08-27,Dhamar,49420,144,0.29,24.559,Dhamar,ذمار,20
2017-08-27,Amanat Al Asimah,65399,64,0.10,23.127,Amanat Al Asimah,أمانة العاصمة,13
2017-08-27,Al Bayda,17442,27,0.15,22.968,Al Bayda,البيضاء,14
2017-08-27,Al Hudaydah,70897,238,0.34,21.894,Al Hudaydah,الحديدة,18
2017-08-27,Sana'a,30748,122,0.40,20.912,Sana'a,صنعاء,23
2017-08-27,Aden,15513,59,0.38,16.807,Aden,عدن,24
2017-08-27,Raymah,10038,106,1.06,16.543,Raymah,ريمة,31
2017-08-27,Lahj,13851,20,0.14,13.729,Lahj,لحج,25
2017-08-27,Ibb,40474,253,0.63,13.687,Ibb,إب,11
2017-08-27,Al Jawf,7368,18,0.24,12.735,Al Jawf,الجوف,16
2017-08-27,Taizz,36409,175,0.48,12.143,Taizz,تعز,15
2017-08-27,Marib,3337,4,0.12,9.307,Marib,مأرب,26
2017-08-27,Al Maharah,1091,1,0.09,7.116,Al Maharah,المهرة,28
2017-08-27,Sa'ada,2646,5,0.19,2.903,Sa'ada,صعدة,22
2017-08-27,Shabwah,678,1,0.15,1.066,Shabwah,شبوة,21
2017-08-27,Moklla,180,1,0.56,0.232,#N/A,#N/A,#N/A
2017-08-27,Say'on,10,0,0.00,0.015,#N/A,#N/A,#N/A
2017-08-26,Amran,58473,156,0.27,50.383,Amran,عمران,29
2017-08-26,Al Mahwit,34246,134,0.39,46.899,Al Mahwit,المحويت,27
2017-08-26,Al Dhale'e,33181,78,0.24,45.360,Al Dhale'e,الضالع,30
2017-08-26,Abyan,20550,35,0.17,36.000,Abyan,أبين,12
2017-08-26,Hajjah,60933,382,0.63,26.154,Hajjah,حجة,17
2017-08-26,Dhamar,48781,143,0.29,24.242,Dhamar,ذمار,20
2017-08-26,Amanat Al Asimah,65111,64,0.10,23.025,Amanat Al Asimah,أمانة العاصمة,13
2017-08-26,Al Bayda,17272,27,0.16,22.745,Al Bayda,البيضاء,14
2017-08-26,Al Hudaydah,70028,237,0.34,21.626,Al Hudaydah,الحديدة,18
2017-08-26,Sana'a,30644,122,0.40,20.841,Sana'a,صنعاء,23
2017-08-26,Aden,15239,59,0.39,16.510,Aden,عدن,24
2017-08-26,Raymah,9957,106,1.06,16.410,Raymah,ريمة,31
2017-08-26,Ibb,40111,253,0.63,13.564,Ibb,إب,11
2017-08-26,Lahj,13416,19,0.14,13.298,Lahj,لحج,25
2017-08-26,Al Jawf,7207,18,0.25,12.456,Al Jawf,الجوف,16
2017-08-26,Taizz,36031,175,0.49,12.017,Taizz,تعز,15
2017-08-26,Marib,3336,4,0.12,9.304,Marib,مأرب,26
2017-08-26,Al Maharah,1081,1,0.09,7.051,Al Maharah,المهرة,28
2017-08-26,Sa'ada,2598,5,0.19,2.850,Sa'ada,صعدة,22
2017-08-26,Shabwah,655,1,0.15,1.030,Shabwah,شبوة,21
2017-08-26,Moklla,172,1,0.58,0.222,#N/A,#N/A,#N/A
2017-08-26,Say'on,10,0,0.00,0.015,#N/A,#N/A,#N/A
2017-08-24,Al Mahwit,33905,133,0.39,44.569,Al Mahwit,المحويت,27
2017-08-24,Al Dhale'e,32684,78,0.24,43.384,Al Dhale'e,الضالع,30
2017-08-24,Amran,57345,156,0.27,37.484,Amran,عمران,29
2017-08-24,Abyan,19971,35,0.18,32.670,Abyan,أبين,12
2017-08-24,Sana'a,30455,122,0.40,24.348,Sana'a,صنعاء,23
2017-08-24,Hajjah,60025,382,0.64,24.256,Hajjah,حجة,17
2017-08-24,Dhamar,47544,142,0.30,22.416,Dhamar,ذمار,20
2017-08-24,Al Bayda,17006,27,0.16,22.081,Al Bayda,البيضاء,14
2017-08-24,Al Hudaydah,68472,237,0.35,20.467,Al Hudaydah,الحديدة,18
2017-08-24,Amanat Al Asimah,64786,64,0.10,19.582,Amanat Al Asimah,أمانة العاصمة,13
2017-08-24,Aden,15130,59,0.39,15.815,Aden,عدن,24
2017-08-24,Raymah,9810,106,1.08,15.479,Raymah,ريمة,31
2017-08-24,Ibb,39337,253,0.64,12.833,Ibb,إب,11
2017-08-24,Lahj,13148,19,0.14,12.492,Lahj,لحج,25
2017-08-24,Taizz,35483,175,0.49,11.598,Taizz,تعز,15
2017-08-24,Al Jawf,6975,18,0.26,10.751,Al Jawf,الجوف,16
2017-08-24,Marib,3336,4,0.12,9.277,Marib,مأرب,26
2017-08-24,Al Maharah,1066,1,0.09,6.565,Al Maharah,المهرة,28
2017-08-24,Sa'ada,2508,5,0.20,2.817,Sa'ada,صعدة,22
2017-08-24,Shabwah,647,1,0.15,1.000,Shabwah,شبوة,21
2017-08-24,Moklla,170,1,0.59,0.213,#N/A,#N/A,#N/A
2017-08-24,Say'on,10,0,0.00,0.015,#N/A,#N/A,#N/A
2017-08-23,Al Mahwit,33531,133,0.40,44.078,Al Mahwit,المحويت,27
2017-08-23,Al Dhale'e,32387,78,0.24,42.990,Al Dhale'e,الضالع,30
2017-08-23,Amran,57054,155,0.27,37.294,Amran,عمران,29
2017-08-23,Abyan,19733,35,0.18,32.280,Abyan,أبين,12
2017-08-23,Sana'a,30321,122,0.40,24.241,Sana'a,صنعاء,23
2017-08-23,Hajjah,59744,382,0.64,24.142,Hajjah,حجة,17
2017-08-23,Dhamar,46844,142,0.30,22.086,Dhamar,ذمار,20
2017-08-23,Al Bayda,16777,27,0.16,21.784,Al Bayda,البيضاء,14
2017-08-23,Al Hudaydah,67362,237,0.35,20.135,Al Hudaydah,الحديدة,18
2017-08-23,Amanat Al Asimah,64174,64,0.10,19.397,Amanat Al Asimah,أمانة العاصمة,13
2017-08-23,Aden,15020,59,0.39,15.700,Aden,عدن,24
2017-08-23,Raymah,9738,105,1.08,15.365,Raymah,ريمة,31
2017-08-23,Ibb,38875,253,0.65,12.683,Ibb,إب,11
2017-08-23,Lahj,12897,19,0.15,12.253,Lahj,لحج,25
2017-08-23,Taizz,35255,175,0.50,11.523,Taizz,تعز,15
2017-08-23,Al Jawf,6818,18,0.26,10.509,Al Jawf,الجوف,16
2017-08-23,Marib,3336,4,0.12,9.277,Marib,مأرب,26
2017-08-23,Al Maharah,1056,1,0.09,6.503,Al Maharah,المهرة,28
2017-08-23,Sa'ada,2461,5,0.20,2.764,Sa'ada,صعدة,22
2017-08-23,Shabwah,647,1,0.15,1.000,Shabwah,شبوة,21
2017-08-23,Moklla,157,1,0.64,0.196,#N/A,#N/A,#N/A
2017-08-23,Say'on,10,0,0.00,0.015,#N/A,#N/A,#N/A
2017-08-22,Abyan,19535,35,0.18,31.956,Abyan,أبين,12
2017-08-22,Aden,14905,59,0.40,15.580,Aden,عدن,24
2017-08-22,Al Bayda,16553,27,0.16,21.493,Al Bayda,البيضاء,14
2017-08-22,Al Dhale'e,32071,78,0.24,42.571,Al Dhale'e,الضالع,30
2017-08-22,Al Hudaydah,66536,237,0.36,19.888,Al Hudaydah,الحديدة,18
2017-08-22,Al Jawf,6718,18,0.27,10.355,Al Jawf,الجوف,16
2017-08-22,Al Maharah,1048,1,0.10,6.454,Al Maharah,المهرة,28
2017-08-22,Al Mahwit,32884,132,0.40,43.227,Al Mahwit,المحويت,27
2017-08-22,Amanat Al Asimah,63840,64,0.10,19.296,Amanat Al Asimah,أمانة العاصمة,13
2017-08-22,Amran,56510,155,0.27,36.939,Amran,عمران,29
2017-08-22,Dhamar,46344,142,0.31,21.850,Dhamar,ذمار,20
2017-08-22,Hajjah,58939,381,0.65,23.817,Hajjah,حجة,17
2017-08-22,Ibb,38598,253,0.66,12.592,Ibb,إب,11
2017-08-22,Lahj,12640,18,0.14,12.009,Lahj,لحج,25
2017-08-22,Marib,3336,4,0.12,9.277,Marib,مأرب,26
2017-08-22,Moklla,157,1,0.64,0.196,#N/A,#N/A,#N/A
2017-08-22,Raymah,9652,105,1.09,15.230,Raymah,ريمة,31
2017-08-22,Sa'ada,2359,5,0.21,2.650,Sa'ada,صعدة,22
2017-08-22,Sana'a,30187,122,0.40,24.134,Sana'a,صنعاء,23
2017-08-22,Say'on,10,0,0.00,0.015,#N/A,#N/A,#N/A
2017-08-22,Shabwah,647,1,0.15,1.000,Shabwah,شبوة,21
2017-08-22,Taizz,35030,175,0.50,11.450,Taizz,تعز,15
2017-08-21,Abyan,19103,34,0.18,31.250,Abyan,أبين,12
2017-08-21,Aden,14779,56,0.38,15.448,Aden,عدن,24
2017-08-21,Al Bayda,16351,26,0.16,21.231,Al Bayda,البيضاء,14
2017-08-21,Al Dhale'e,31725,77,0.24,42.111,Al Dhale'e,الضالع,30
2017-08-21,Al Hudaydah,65568,237,0.36,19.599,Al Hudaydah,الحديدة,18
2017-08-21,Al Jawf,6596,18,0.27,10.167,Al Jawf,الجوف,16
2017-08-21,Al Maharah,1028,1,0.10,6.331,Al Maharah,المهرة,28
2017-08-21,Al Mahwit,32883,132,0.40,43.226,Al Mahwit,المحويت,27
2017-08-21,Amanat Al Asimah,63480,63,0.10,19.187,Amanat Al Asimah,أمانة العاصمة,13
2017-08-21,Amran,55996,154,0.28,36.603,Amran,عمران,29
2017-08-21,Dhamar,45704,142,0.31,21.548,Dhamar,ذمار,20
2017-08-21,Hajjah,58490,381,0.65,23.636,Hajjah,حجة,17
2017-08-21,Ibb,38012,252,0.66,12.401,Ibb,إب,11
2017-08-21,Lahj,12150,17,0.14,11.543,Lahj,لحج,25
2017-08-21,Marib,3281,4,0.12,9.124,Marib,مأرب,26
2017-08-21,Moklla,145,1,0.69,0.181,#N/A,#N/A,#N/A
2017-08-21,Raymah,9581,105,1.10,15.118,Raymah,ريمة,31
2017-08-21,Sa'ada,2359,5,0.21,2.650,Sa'ada,صعدة,22
2017-08-21,Sana'a,30086,122,0.41,24.053,Sana'a,صنعاء,23
2017-08-21,Say'on,10,0,0.00,0.015,#N/A,#N/A,#N/A
2017-08-21,Shabwah,646,1,0.15,0.999,Shabwah,شبوة,21
2017-08-21,Taizz,34850,175,0.50,11.391,Taizz,تعز,15
2017-08-20,Abyan,19102,34,0.18,31.248,Abyan,أبين,12
2017-08-20,Aden,14666,53,0.36,15.330,Aden,عدن,24
2017-08-20,Al Bayda,16173,26,0.16,21.000,Al Bayda,البيضاء,14
2017-08-20,Al Dhale'e,31368,77,0.25,41.637,Al Dhale'e,الضالع,30
2017-08-20,Al Hudaydah,64624,237,0.37,19.316,Al Hudaydah,الحديدة,18
2017-08-20,Al Jawf,6439,18,0.28,9.925,Al Jawf,الجوف,16
2017-08-20,Al Maharah,1021,1,0.10,6.288,Al Maharah,المهرة,28
2017-08-20,Al Mahwit,32674,132,0.40,42.951,Al Mahwit,المحويت,27
2017-08-20,Amanat Al Asimah,62977,63,0.10,19.035,Amanat Al Asimah,أمانة العاصمة,13
2017-08-20,Amran,55473,154,0.28,36.261,Amran,عمران,29
2017-08-20,Dhamar,45035,142,0.32,21.233,Dhamar,ذمار,20
2017-08-20,Hajjah,57770,381,0.66,23.345,Hajjah,حجة,17
2017-08-20,Ibb,37813,252,0.67,12.336,Ibb,إب,11
2017-08-20,Lahj,11689,17,0.15,11.105,Lahj,لحج,25
2017-08-20,Marib,3201,4,0.12,8.902,Marib,مأرب,26
2017-08-20,Moklla,145,1,0.69,0.181,#N/A,#N/A,#N/A
2017-08-20,Raymah,9492,105,1.11,14.977,Raymah,ريمة,31
2017-08-20,Sa'ada,2313,5,0.22,2.598,Sa'ada,صعدة,22
2017-08-20,Sana'a,29992,122,0.41,23.978,Sana'a,صنعاء,23
2017-08-20,Say'on,10,0,0.00,0.015,#N/A,#N/A,#N/A
2017-08-20,Shabwah,617,1,0.16,0.954,Shabwah,شبوة,21
2017-08-20,Taizz,34728,175,0.50,11.351,Taizz,تعز,15
2017-08-19,Abyan,18865,34,0.18,30.860,Abyan,أبين,12
2017-08-19,Aden,14555,53,0.36,15.214,Aden,عدن,24
2017-08-19,Al Bayda,16011,26,0.16,20.789,Al Bayda,البيضاء,14
2017-08-19,Al Dhale'e,31038,77,0.25,41.199,Al Dhale'e,الضالع,30
2017-08-19,Al Hudaydah,63681,237,0.37,19.034,Al Hudaydah,الحديدة,18
2017-08-19,Al Jawf,6345,18,0.28,9.780,Al Jawf,الجوف,16
2017-08-19,Al Maharah,1021,1,0.10,6.288,Al Maharah,المهرة,28
2017-08-19,Al Mahwit,32357,132,0.41,42.534,Al Mahwit,المحويت,27
2017-08-19,Amanat Al Asimah,62557,62,0.10,18.908,Amanat Al Asimah,أمانة العاصمة,13
2017-08-19,Amran,54878,154,0.28,35.872,Amran,عمران,29
2017-08-19,Dhamar,44410,141,0.32,20.938,Dhamar,ذمار,20
2017-08-19,Hajjah,57382,381,0.66,23.188,Hajjah,حجة,17
2017-08-19,Ibb,37510,252,0.67,12.237,Ibb,إب,11
2017-08-19,Lahj,11688,17,0.15,11.105,Lahj,لحج,25
2017-08-19,Marib,3159,4,0.13,8.785,Marib,مأرب,26
2017-08-19,Moklla,145,1,0.69,0.181,#N/A,#N/A,#N/A
2017-08-19,Raymah,9386,105,1.12,14.810,Raymah,ريمة,31
2017-08-19,Sa'ada,2210,5,0.23,2.482,Sa'ada,صعدة,22
2017-08-19,Sana'a,29868,122,0.41,23.879,Sana'a,صنعاء,23
2017-08-19,Say'on,10,0,0.00,0.015,#N/A,#N/A,#N/A
2017-08-19,Shabwah,616,1,0.16,0.953,Shabwah,شبوة,21
2017-08-19,Taizz,34616,175,0.51,11.315,Taizz,تعز,15
2017-08-18,Abyan,18634,34,0.18,30.482,Abyan,أبين,12
2017-08-18,Aden,14479,52,0.36,15.135,Aden,عدن,24
2017-08-18,Al Bayda,15832,26,0.16,20.557,Al Bayda,البيضاء,14
2017-08-18,Al Dhale'e,30783,77,0.25,40.861,Al Dhale'e,الضالع,30
2017-08-18,Al Hudaydah,62873,237,0.38,18.793,Al Hudaydah,الحديدة,18
2017-08-18,Al Jawf,6183,18,0.29,9.531,Al Jawf,الجوف,16
2017-08-18,Al Maharah,995,1,0.10,6.127,Al Maharah,المهرة,28
2017-08-18,Al Mahwit,32054,132,0.41,42.136,Al Mahwit,المحويت,27
2017-08-18,Amanat Al Asimah,62367,62,0.10,18.851,Amanat Al Asimah,أمانة العاصمة,13
2017-08-18,Amran,54380,154,0.28,35.546,Amran,عمران,29
2017-08-18,Dhamar,43714,141,0.32,20.610,Dhamar,ذمار,20
2017-08-18,Hajjah,56652,381,0.67,22.893,Hajjah,حجة,17
2017-08-18,Ibb,37347,252,0.67,12.184,Ibb,إب,11
2017-08-18,Lahj,11686,17,0.15,11.103,Lahj,لحج,25
2017-08-18,Marib,3128,4,0.13,8.699,Marib,مأرب,26
2017-08-18,Moklla,133,1,0.75,0.166,#N/A,#N/A,#N/A
2017-08-18,Raymah,9278,105,1.13,14.640,Raymah,ريمة,31
2017-08-18,Sa'ada,2210,5,0.23,2.482,Sa'ada,صعدة,22
2017-08-18,Sana'a,29699,122,0.41,23.744,Sana'a,صنعاء,23
2017-08-18,Say'on,10,0,0.00,0.015,#N/A,#N/A,#N/A
2017-08-18,Shabwah,614,1,0.16,0.949,Shabwah,شبوة,21
2017-08-18,Taizz,34417,175,0.51,11.250,Taizz,تعز,15
2017-08-17,Abyan,18469,34,0.18,30.213,Abyan,أبين,12
2017-08-17,Aden,14414,52,0.36,15.067,Aden,عدن,24
2017-08-17,Al Bayda,15744,26,0.17,20.443,Al Bayda,البيضاء,14
2017-08-17,Al Dhale'e,29755,77,0.26,39.496,Al Dhale'e,الضالع,30
2017-08-17,Al Hudaydah,62190,235,0.38,18.589,Al Hudaydah,الحديدة,18
2017-08-17,Al Jawf,6091,18,0.30,9.389,Al Jawf,الجوف,16
2017-08-17,Al Maharah,995,1,0.10,6.127,Al Maharah,المهرة,28
2017-08-17,Al Mahwit,31739,131,0.41,41.722,Al Mahwit,المحويت,27
2017-08-17,Amanat Al Asimah,62193,62,0.10,18.798,Amanat Al Asimah,أمانة العاصمة,13
2017-08-17,Amran,53940,154,0.29,35.259,Amran,عمران,29
2017-08-17,Dhamar,43177,140,0.32,20.357,Dhamar,ذمار,20
2017-08-17,Hajjah,55866,380,0.68,22.575,Hajjah,حجة,17
2017-08-17,Ibb,37237,252,0.68,12.148,Ibb,إب,11
2017-08-17,Lahj,11457,17,0.15,10.885,Lahj,لحج,25
2017-08-17,Marib,3098,4,0.13,8.615,Marib,مأرب,26
2017-08-17,Moklla,133,1,0.75,0.166,#N/A,#N/A,#N/A
2017-08-17,Raymah,9201,104,1.13,14.518,Raymah,ريمة,31
2017-08-17,Sa'ada,2164,5,0.23,2.431,Sa'ada,صعدة,22
2017-08-17,Sana'a,29688,122,0.41,23.735,Sana'a,صنعاء,23
2017-08-17,Say'on,10,0,0.00,0.015,#N/A,#N/A,#N/A
2017-08-17,Shabwah,584,1,0.17,0.903,Shabwah,شبوة,21
2017-08-17,Taizz,34215,175,0.51,11.184,Taizz,تعز,15
2017-08-16,Abyan,18257,34,0.19,29.866,Abyan,أبين,12
2017-08-16,Aden,14330,52,0.36,14.979,Aden,عدن,24
2017-08-16,Al Bayda,15644,26,0.17,20.313,Al Bayda,البيضاء,14
2017-08-16,Al Dhale'e,29755,77,0.26,39.496,Al Dhale'e,الضالع,30
2017-08-16,Al Hudaydah,61550,235,0.38,18.398,Al Hudaydah,الحديدة,18
2017-08-16,Al Jawf,5980,18,0.30,9.218,Al Jawf,الجوف,16
2017-08-16,Al Maharah,975,1,0.10,6.004,Al Maharah,المهرة,28
2017-08-16,Al Mahwit,31447,131,0.42,41.338,Al Mahwit,المحويت,27
2017-08-16,Amanat Al Asimah,61771,62,0.10,18.671,Amanat Al Asimah,أمانة العاصمة,13
2017-08-16,Amran,53430,153,0.29,34.925,Amran,عمران,29
2017-08-16,Dhamar,43170,140,0.32,20.353,Dhamar,ذمار,20
2017-08-16,Hajjah,55131,378,0.69,22.278,Hajjah,حجة,17
2017-08-16,Ibb,37054,251,0.68,12.088,Ibb,إب,11
2017-08-16,Lahj,11230,17,0.15,10.669,Lahj,لحج,25
2017-08-16,Marib,3049,4,0.13,8.479,Marib,مأرب,26
2017-08-16,Moklla,133,1,0.75,0.166,#N/A,#N/A,#N/A
2017-08-16,Raymah,9062,104,1.15,14.299,Raymah,ريمة,31
2017-08-16,Sa'ada,2111,5,0.24,2.371,Sa'ada,صعدة,22
2017-08-16,Sana'a,29474,122,0.41,23.564,Sana'a,صنعاء,23
2017-08-16,Say'on,10,0,0.00,0.015,#N/A,#N/A,#N/A
2017-08-16,Shabwah,584,1,0.17,0.903,Shabwah,شبوة,21
2017-08-16,Taizz,33908,175,0.52,11.083,Taizz,تعز,15
2017-08-15,Abyan,18055,33,0.18,29.535,Abyan,أبين,12
2017-08-15,Aden,14234,52,0.37,14.879,Aden,عدن,24
2017-08-15,Al Bayda,15289,26,0.17,19.852,Al Bayda,البيضاء,14
2017-08-15,Al Dhale'e,29755,77,0.26,39.496,Al Dhale'e,الضالع,30
2017-08-15,Al Hudaydah,61046,235,0.38,18.247,Al Hudaydah,الحديدة,18
2017-08-15,Al Jawf,5850,18,0.31,9.017,Al Jawf,الجوف,16
2017-08-15,Al Maharah,964,1,0.10,5.937,Al Maharah,المهرة,28
2017-08-15,Al Mahwit,31178,131,0.42,40.985,Al Mahwit,المحويت,27
2017-08-15,Amanat Al Asimah,61384,62,0.10,18.554,Amanat Al Asimah,أمانة العاصمة,13
2017-08-15,Amran,52904,153,0.29,34.582,Amran,عمران,29
2017-08-15,Dhamar,42639,140,0.33,20.103,Dhamar,ذمار,20
2017-08-15,Hajjah,54488,378,0.69,22.018,Hajjah,حجة,17
2017-08-15,Ibb,36864,250,0.68,12.027,Ibb,إب,11
2017-08-15,Lahj,10982,17,0.15,10.434,Lahj,لحج,25
2017-08-15,Marib,3021,4,0.13,8.401,Marib,مأرب,26
2017-08-15,Moklla,127,1,0.79,0.159,#N/A,#N/A,#N/A
2017-08-15,Raymah,8967,103,1.15,14.149,Raymah,ريمة,31
2017-08-15,Sa'ada,2024,5,0.25,2.273,Sa'ada,صعدة,22
2017-08-15,Sana'a,29349,122,0.42,23.464,Sana'a,صنعاء,23
2017-08-15,Say'on,10,0,0.00,0.015,#N/A,#N/A,#N/A
2017-08-15,Shabwah,583,1,0.17,0.902,Shabwah,شبوة,21
2017-08-15,Taizz,33707,175,0.52,11.017,Taizz,تعز,15
2017-08-13,Abyan,"17,575",33,0.20,28.750,Abyan,أبين,12
2017-08-13,Aden,"14,040",52,0.40,14.680,Aden,عدن,24
2017-08-13,Al Bayda,"15,141",26,0.20,19.660,Al Bayda,البيضاء,14
2017-08-13,Al Dhale'e,"29,063",77,0.30,38.580,Al Dhale'e,الضالع,30
2017-08-13,Al Hudaydah,"60,145",235,0.40,17.980,Al Hudaydah,الحديدة,18
2017-08-13,Al Jawf,"5,606",18,0.30,8.640,Al Jawf,الجوف,16
2017-08-13,Al Maharah,943,1,0.10,5.810,Al Maharah,المهرة,28
2017-08-13,Al Mahwit,"30,888",131,0.40,40.600,Al Mahwit,المحويت,27
2017-08-13,Amanat Al Asimah,60100,61,0.10,18.170,Amanat Al Asimah,أمانة العاصمة,13
2017-08-13,Amran,"51,827",153,0.30,33.880,Amran,عمران,29
2017-08-13,Dhamar,"41,415",140,0.30,19.530,Dhamar,ذمار,20
2017-08-13,Hajjah,"53,134",378,0.70,21.470,Hajjah,حجة,17
2017-08-13,Ibb,"36,378",245,0.70,11.870,Ibb,إب,11
2017-08-13,Lahj,"10,475",17,0.20,9.950,Lahj,لحج,25
2017-08-13,Marib,"2,923",4,0.10,8.130,Marib,مأرب,26
2017-08-13,Moklla,115,1,0.90,0.140,#N/A,#N/A,#N/A
2017-08-13,Raymah,"8,778",101,1.20,13.850,Raymah,ريمة,31
2017-08-13,Sa'ada,"1,939",5,0.30,2.180,Sa'ada,صعدة,22
2017-08-13,Sana'a,"29,234",122,0.40,23.370,Sana'a,صنعاء,23
2017-08-13,Say'on,10,0,0.00,0.020,#N/A,#N/A,#N/A
2017-08-13,Shabwah,519,1,0.20,0.800,Shabwah,شبوة,21
2017-08-13,Taizz,"33,236",174,0.50,10.860,Taizz,تعز,15
2017-08-06,Al Mahwit,28632,131,0.50,37.638,Al Mahwit,المحويت,27
2017-08-06,Al Dhale'e,27294,77,0.30,36.230,Al Dhale'e,الضالع,30
2017-08-06,Amran,48509,151,0.30,31.709,Amran,عمران,29
2017-08-06,Abyan,16195,33,0.20,26.493,Abyan,أبين,12
2017-08-06,Sana'a,28505,119,0.40,22.789,Sana'a,صنعاء,23
2017-08-06,Hajjah,49977,374,0.70,20.196,Hajjah,حجة,17
2017-08-06,Al Bayda,14202,26,0.20,18.441,Al Bayda,البيضاء,14
2017-08-06,Dhamar,37399,134,0.40,17.633,Dhamar,ذمار,20
2017-08-06,Amanat Al Asimah,57751,61,0.10,17.455,Amanat Al Asimah,أمانة العاصمة,13
2017-08-06,Al Hudaydah,57268,234,0.40,17.118,Al Hudaydah,الحديدة,18
2017-08-06,Aden,13554,52,0.40,14.168,Aden,عدن,24
2017-08-06,Raymah,8283,99,1.20,13.070,Raymah,ريمة,31
2017-08-06,Ibb,34725,245,0.70,11.329,Ibb,إب,11
2017-08-06,Taizz,31856,170,0.50,10.412,Taizz,تعز,15
2017-08-06,Lahj,9009,17,0.20,8.559,Lahj,لحج,25
2017-08-06,Al Jawf,4915,18,0.40,7.576,Al Jawf,الجوف,16
2017-08-06,Marib,2689,4,0.10,7.478,Marib,مأرب,26
2017-08-06,Al Maharah,826,1,0.10,5.087,Al Maharah,المهرة,28
2017-08-06,Sa'ada,1526,5,0.30,1.714,Sa'ada,صعدة,22
2017-08-06,Shabwah,496,1,0.20,0.767,Shabwah,شبوة,21
2017-08-06,Moklla,83,1,1.20,0.104,#N/A,#N/A,#N/A
2017-08-06,Say'on,7,0,0.00,0.010,#N/A,#N/A,#N/A
2017-08-03,Amanat Al Asimah,55563,61,0.10,16.800,Amanat Al Asimah,أمانة العاصمة,13
2017-08-03,Al-Hudaydah,55409,232,0.40,16.600,Al Hudaydah,الحديدة,18
2017-08-03,Hajjah,47389,366,0.80,21.300,Hajjah,حجة,17
2017-08-03,Amran,46133,151,0.30,30.200,Amran,عمران,29
2017-08-03,Dhamar,35383,133,0.40,16.700,Dhamar,ذمار,20
2017-08-03,Ibb,33562,243,0.70,10.900,Ibb,إب,11
2017-08-03,Taizz,31222,170,0.50,10.300,Taizz,تعز,15
2017-08-03,Sana'a,28000,118,0.40,22.400,Sana'a,صنعاء,23
2017-08-03,Al Mahwit,27171,128,0.50,35.700,Al Mahwit,المحويت,27
2017-08-03,Al Dhale'e,25581,76,0.30,34.000,Al Dhale'e,الضالع,30
2017-08-03,Abyan,15220,33,0.20,24.900,Abyan,أبين,12
2017-08-03,Al Bayda,13512,26,0.20,17.500,Al Bayda,البيضاء,14
2017-08-03,Aden,13239,52,0.40,13.800,Aden,عدن,24
2017-08-03,Lahj,8090,17,0.20,7.700,Lahj,لحج,25
2017-08-03,Raymah,7983,95,1.20,12.600,Raymah,ريمة,31
2017-08-03,Al_Jawf,4507,17,0.40,6.900,Al Jawf,الجوف,16
2017-08-03,Ma'areb,2598,4,0.20,7.200,Marib,مأرب,26
2017-08-03,Sa'ada,1354,5,0.40,1.500,Sa'ada,صعدة,22
2017-08-03,AL Mahrah,755,1,0.10,4.600,Al Maharah,المهرة,28
2017-08-03,Shabwah,439,1,0.20,0.700,Shabwah,شبوة,21
2017-08-03,Moklla,58,1,1.70,0.100,#N/A,#N/A,#N/A
2017-08-03,Say'on,7,0,0.00,0.000,#N/A,#N/A,#N/A
2017-08-01,Amanat Al Asimah,54651,60,0.10,16.500,Amanat Al Asimah,أمانة العاصمة,13
2017-08-01,Al-Hudaydah,54486,231,0.40,16.300,Al Hudaydah,الحديدة,18
2017-08-01,Hajjah,46354,362,0.80,20.900,Hajjah,حجة,17
2017-08-01,Amran,45040,151,0.30,29.400,Amran,عمران,29
2017-08-01,Dhamar,34230,132,0.40,16.100,Dhamar,ذمار,20
2017-08-01,Ibb,32930,242,0.70,10.700,Ibb,إب,11
2017-08-01,Taizz,30485,170,0.60,10.000,Taizz,تعز,15
2017-08-01,Sana'a,27718,117,0.40,22.200,Sana'a,صنعاء,23
2017-08-01,Al Mahwit,26446,128,0.50,34.800,Al Mahwit,المحويت,27
2017-08-01,Al Dhale'e,25220,76,0.30,33.500,Al Dhale'e,الضالع,30
2017-08-01,Abyan,14737,33,0.20,24.100,Abyan,أبين,12
2017-08-01,Aden,13115,52,0.40,13.700,Aden,عدن,24
2017-08-01,Al Bayda,13050,26,0.20,16.900,Al Bayda,البيضاء,14
2017-08-01,Raymah,7846,95,1.20,12.400,Raymah,ريمة,31
2017-08-01,Lahj,7605,17,0.20,7.200,Lahj,لحج,25
2017-08-01,Al_Jawf,4310,17,0.40,6.600,Al Jawf,الجوف,16
2017-08-01,Ma'areb,2498,4,0.20,6.900,Marib,مأرب,26
2017-08-01,Sa'ada,1230,5,0.40,1.400,Sa'ada,صعدة,22
2017-08-01,AL Mahrah,731,1,0.10,4.500,Al Maharah,المهرة,28
2017-08-01,Shabwah,435,1,0.20,0.700,Shabwah,شبوة,21
2017-08-01,Moklla,42,1,2.40,0.100,#N/A,#N/A,#N/A
2017-08-01,Say'on,7,0,0.00,0.000,#N/A,#N/A,#N/A
2017-07-31,Amanat Al Asimah,53975,60,0.10,16.300,Amanat Al Asimah,أمانة العاصمة,13
2017-07-31,Al-Hudaydah,53803,231,0.40,16.100,Al Hudaydah,الحديدة,18
2017-07-31,Hajjah,45346,359,0.80,20.400,Hajjah,حجة,17
2017-07-31,Amran,44457,150,0.30,29.100,Amran,عمران,29
2017-07-31,Dhamar,33647,132,0.40,15.900,Dhamar,ذمار,20
2017-07-31,Ibb,32605,242,0.70,10.600,Ibb,إب,11
2017-07-31,Taizz,30218,170,0.60,10.000,Taizz,تعز,15
2017-07-31,Sana'a,27613,117,0.40,22.100,Sana'a,صنعاء,23
2017-07-31,Al Mahwit,25809,128,0.50,33.900,Al Mahwit,المحويت,27
2017-07-31,Al Dhale'e,24849,76,0.30,33.000,Al Dhale'e,الضالع,30
2017-07-31,Abyan,14474,33,0.20,23.700,Abyan,أبين,12
2017-07-31,Aden,13022,52,0.40,13.600,Aden,عدن,24
2017-07-31,Al Bayda,12872,26,0.20,16.700,Al Bayda,البيضاء,14
2017-07-31,Raymah,7758,95,1.20,12.200,Raymah,ريمة,31
2017-07-31,Lahj,7124,17,0.20,6.800,Lahj,لحج,25
2017-07-31,Al_Jawf,4203,16,0.40,6.500,Al Jawf,الجوف,16
2017-07-31,Ma'areb,2485,4,0.20,6.900,Marib,مأرب,26
2017-07-31,Sa'ada,1176,5,0.40,1.300,Sa'ada,صعدة,22
2017-07-31,AL Mahrah,731,1,0.10,4.500,Al Maharah,المهرة,28
2017-07-31,Shabwah,430,1,0.20,0.700,Shabwah,شبوة,21
2017-07-31,Moklla,21,0,0.00,0.000,#N/A,#N/A,#N/A
2017-07-31,Say'on,7,0,0.00,0.000,#N/A,#N/A,#N/A
2017-07-30,Al-Hudaydah,53306,227,0.40,15.900,Al Hudaydah,الحديدة,18
2017-07-30,Amanat Al Asimah,52415,60,0.10,15.800,Amanat Al Asimah,أمانة العاصمة,13
2017-07-30,Hajjah,45073,359,0.80,20.300,Hajjah,حجة,17
2017-07-30,Amran,43866,150,0.30,28.700,Amran,عمران,29
2017-07-30,Dhamar,33040,131,0.40,15.600,Dhamar,ذمار,20
2017-07-30,Ibb,32035,241,0.80,10.500,Ibb,إب,11
2017-07-30,Taizz,29716,170,0.60,9.800,Taizz,تعز,15
2017-07-30,Sana'a,27535,115,0.40,22.000,Sana'a,صنعاء,23
2017-07-30,Al Mahwit,25495,125,0.50,33.500,Al Mahwit,المحويت,27
2017-07-30,Al Dhale'e,24485,76,0.30,32.500,Al Dhale'e,الضالع,30
2017-07-30,Abyan,14195,32,0.20,23.200,Abyan,أبين,12
2017-07-30,Aden,12932,52,0.40,13.500,Aden,عدن,24
2017-07-30,Al Bayda,12871,26,0.20,16.700,Al Bayda,البيضاء,14
2017-07-30,Raymah,7728,95,1.20,12.200,Raymah,ريمة,31
2017-07-30,Lahj,6913,17,0.20,6.600,Lahj,لحج,25
2017-07-30,Al_Jawf,4120,16,0.40,6.400,Al Jawf,الجوف,16
2017-07-30,Ma'areb,2420,4,0.20,6.700,Marib,مأرب,26
2017-07-30,Sa'ada,1142,5,0.40,1.300,Sa'ada,صعدة,22
2017-07-30,AL Mahrah,713,1,0.10,4.400,Al Maharah,المهرة,28
2017-07-30,Shabwah,394,1,0.30,0.600,Shabwah,شبوة,21
2017-07-30,Say'on,7,0,0.00,0.000,#N/A,#N/A,#N/A
2017-07-29,Al-Hudaydah,52749,223,0.40,15.800,Al Hudaydah,الحديدة,18
2017-07-29,Amanat Al Asimah,51900,60,0.10,15.700,Amanat Al Asimah,أمانة العاصمة,13
2017-07-29,Hajjah,44563,359,0.80,20.100,Hajjah,حجة,17
2017-07-29,Amran,43362,150,0.30,28.300,Amran,عمران,29
2017-07-29,Dhamar,32452,130,0.40,15.300,Dhamar,ذمار,20
2017-07-29,Ibb,31603,240,0.80,10.300,Ibb,إب,11
2017-07-29,Taizz,29428,169,0.60,9.700,Taizz,تعز,15
2017-07-29,Sana'a,27391,115,0.40,21.900,Sana'a,صنعاء,23
2017-07-29,Al Mahwit,25493,125,0.50,33.500,Al Mahwit,المحويت,27
2017-07-29,Al Dhale'e,23746,76,0.30,31.500,Al Dhale'e,الضالع,30
2017-07-29,Abyan,13904,32,0.20,22.700,Abyan,أبين,12
2017-07-29,Aden,12818,52,0.40,13.400,Aden,عدن,24
2017-07-29,Al Bayda,12602,26,0.20,16.400,Al Bayda,البيضاء,14
2017-07-29,Raymah,7651,94,1.20,12.100,Raymah,ريمة,31
2017-07-29,Lahj,6905,17,0.20,6.600,Lahj,لحج,25
2017-07-29,Al_Jawf,4042,16,0.40,6.200,Al Jawf,الجوف,16
2017-07-29,Ma'areb,2360,4,0.20,6.600,Marib,مأرب,26
2017-07-29,Sa'ada,1120,5,0.40,1.300,Sa'ada,صعدة,22
2017-07-29,AL Mahrah,703,1,0.10,4.300,Al Maharah,المهرة,28
2017-07-29,Shabwah,393,1,0.30,0.600,Shabwah,شبوة,21
2017-07-29,Say'on,7,0,0.00,0.000,#N/A,#N/A,#N/A
2017-07-28,Al-Hudaydah,52272,222,0.40,15.600,Al Hudaydah,الحديدة,18
2017-07-28,Amanat Al Asimah,51571,60,0.10,15.600,Amanat Al Asimah,أمانة العاصمة,13
2017-07-28,Hajjah,43970,358,0.80,19.800,Hajjah,حجة,17
2017-07-28,Amran,42870,150,0.30,28.000,Amran,عمران,29
2017-07-28,Dhamar,31817,130,0.40,15.000,Dhamar,ذمار,20
2017-07-28,Ibb,31252,240,0.80,10.200,Ibb,إب,11
2017-07-28,Taizz,29179,169,0.60,9.600,Taizz,تعز,15
2017-07-28,Sana'a,27232,115,0.40,21.800,Sana'a,صنعاء,23
2017-07-28,Al Mahwit,24861,124,0.50,32.700,Al Mahwit,المحويت,27
2017-07-28,Al Dhale'e,23746,76,0.30,31.500,Al Dhale'e,الضالع,30
2017-07-28,Abyan,13899,32,0.20,22.700,Abyan,أبين,12
2017-07-28,Aden,12603,52,0.40,13.200,Aden,عدن,24
2017-07-28,Al Bayda,12599,26,0.20,16.400,Al Bayda,البيضاء,14
2017-07-28,Raymah,7574,94,1.20,12.000,Raymah,ريمة,31
2017-07-28,Lahj,5914,17,0.30,5.600,Lahj,لحج,25
2017-07-28,Al_Jawf,3959,16,0.40,6.100,Al Jawf,الجوف,16
2017-07-28,Ma'areb,2328,4,0.20,6.500,Marib,مأرب,26
2017-07-28,Sa'ada,1072,5,0.50,1.200,Sa'ada,صعدة,22
2017-07-28,AL Mahrah,687,1,0.10,4.200,Al Maharah,المهرة,28
2017-07-28,Shabwah,392,1,0.30,0.600,Shabwah,شبوة,21
2017-07-28,Say'on,7,0,0.00,0.000,#N/A,#N/A,#N/A
2017-07-27,Al-Hudaydah,51776,222,0.40,15.500,Al Hudaydah,الحديدة,18
2017-07-27,Amanat Al Asimah,51083,60,0.10,15.400,Amanat Al Asimah,أمانة العاصمة,13
2017-07-27,Hajjah,43210,358,0.80,19.500,Hajjah,حجة,17
2017-07-27,Amran,42250,150,0.40,27.600,Amran,عمران,29
2017-07-27,Dhamar,31260,129,0.40,14.700,Dhamar,ذمار,20
2017-07-27,Ibb,30967,240,0.80,10.100,Ibb,إب,11
2017-07-27,Taizz,28897,169,0.60,9.500,Taizz,تعز,15
2017-07-27,Sana'a,27117,115,0.40,21.700,Sana'a,صنعاء,23
2017-07-27,Al Mahwit,24262,124,0.50,31.900,Al Mahwit,المحويت,27
2017-07-27,Al Dhale'e,23347,76,0.30,31.000,Al Dhale'e,الضالع,30
2017-07-27,Abyan,13652,32,0.20,22.300,Abyan,أبين,12
2017-07-27,Aden,12603,52,0.40,13.200,Aden,عدن,24
2017-07-27,Al Bayda,12435,26,0.20,16.100,Al Bayda,البيضاء,14
2017-07-27,Raymah,7515,92,1.20,11.900,Raymah,ريمة,31
2017-07-27,Lahj,5914,17,0.30,5.600,Lahj,لحج,25
2017-07-27,Al_Jawf,3859,16,0.40,5.900,Al Jawf,الجوف,16
2017-07-27,Ma'areb,2291,4,0.20,6.400,Marib,مأرب,26
2017-07-27,Sa'ada,1039,5,0.50,1.200,Sa'ada,صعدة,22
2017-07-27,AL Mahrah,674,1,0.10,4.200,Al Maharah,المهرة,28
2017-07-27,Shabwah,390,1,0.30,0.600,Shabwah,شبوة,21
2017-07-27,Say'on,7,0,0.00,0.000,#N/A,#N/A,#N/A
2017-07-26,Al-Hudaydah,50977,222,0.40,15.200,Al Hudaydah,الحديدة,18
2017-07-26,Amanat Al Asimah,50835,60,0.10,15.400,Amanat Al Asimah,أمانة العاصمة,13
2017-07-26,Hajjah,42840,358,0.80,19.300,Hajjah,حجة,17
2017-07-26,Amran,41587,150,0.40,27.200,Amran,عمران,29
2017-07-26,Dhamar,30635,129,0.40,14.400,Dhamar,ذمار,20
2017-07-26,Ibb,30394,240,0.80,9.900,Ibb,إب,11
2017-07-26,Taizz,28383,168,0.60,9.400,Taizz,تعز,15
2017-07-26,Sana'a,26965,115,0.40,21.600,Sana'a,صنعاء,23
2017-07-26,Al Mahwit,23804,123,0.50,31.300,Al Mahwit,المحويت,27
2017-07-26,Al Dhale'e,22867,76,0.30,30.400,Al Dhale'e,الضالع,30
2017-07-26,Abyan,13007,32,0.20,21.300,Abyan,أبين,12
2017-07-26,Aden,12501,52,0.40,13.100,Aden,عدن,24
2017-07-26,Al Bayda,12320,26,0.20,16.000,Al Bayda,البيضاء,14
2017-07-26,Raymah,7415,91,1.20,11.700,Raymah,ريمة,31
2017-07-26,Lahj,5911,17,0.30,5.600,Lahj,لحج,25
2017-07-26,Al_Jawf,3778,15,0.40,5.800,Al Jawf,الجوف,16
2017-07-26,Ma'areb,2289,4,0.20,6.400,Marib,مأرب,26
2017-07-26,Sa'ada,1016,5,0.50,1.100,Sa'ada,صعدة,22
2017-07-26,AL Mahrah,662,1,0.20,4.100,Al Maharah,المهرة,28
2017-07-26,Shabwah,390,1,0.30,0.600,Shabwah,شبوة,21
2017-07-26,Say'on,7,0,0.00,0.000,#N/A,#N/A,#N/A
2017-07-25,Amanat Al Asimah,50331,60,0.10,15.200,Amanat Al Asimah,أمانة العاصمة,13
2017-07-25,Al-Hudaydah,50160,222,0.40,15.000,Al Hudaydah,الحديدة,18
2017-07-25,Hajjah,42363,358,0.80,19.100,Hajjah,حجة,17
2017-07-25,Amran,41038,150,0.40,26.800,Amran,عمران,29
2017-07-25,Ibb,30389,240,0.80,9.900,Ibb,إب,11
2017-07-25,Dhamar,30039,128,0.40,14.200,Dhamar,ذمار,20
2017-07-25,Taizz,28261,168,0.60,9.300,Taizz,تعز,15
2017-07-25,Sana'a,26798,115,0.40,21.400,Sana'a,صنعاء,23
2017-07-25,Al Mahwit,23417,122,0.50,30.800,Al Mahwit,المحويت,27
2017-07-25,Al Dhale'e,22539,76,0.30,29.900,Al Dhale'e,الضالع,30
2017-07-25,Abyan,12746,32,0.30,20.900,Abyan,أبين,12
2017-07-25,Aden,12343,52,0.40,12.900,Aden,عدن,24
2017-07-25,Al Bayda,12165,26,0.20,15.800,Al Bayda,البيضاء,14
2017-07-25,Raymah,7340,91,1.20,11.600,Raymah,ريمة,31
2017-07-25,Lahj,4591,16,0.30,4.400,Lahj,لحج,25
2017-07-25,Al_Jawf,3703,13,0.40,5.700,Al Jawf,الجوف,16
2017-07-25,Ma'areb,2237,4,0.20,6.200,Marib,مأرب,26
2017-07-25,Sa'ada,983,5,0.50,1.100,Sa'ada,صعدة,22
2017-07-25,AL Mahrah,645,1,0.20,4.000,Al Maharah,المهرة,28
2017-07-25,Shabwah,389,1,0.30,0.600,Shabwah,شبوة,21
2017-07-25,Say'on,7,0,0.00,0.000,#N/A,#N/A,#N/A
2017-07-24,Amanat Al Asimah,49850,60,0.10,15.100,Amanat Al Asimah,أمانة العاصمة,13
2017-07-24,Al-Hudaydah,49266,222,0.50,14.700,Al Hudaydah,الحديدة,18
2017-07-24,Hajjah,41391,357,0.90,18.600,Hajjah,حجة,17
2017-07-24,Amran,40488,150,0.40,26.500,Amran,عمران,29
2017-07-24,Ibb,29723,236,0.80,9.700,Ibb,إب,11
2017-07-24,Dhamar,29426,126,0.40,13.900,Dhamar,ذمار,20
2017-07-24,Taizz,27937,166,0.60,9.200,Taizz,تعز,15
2017-07-24,Sana'a,26656,115,0.40,21.300,Sana'a,صنعاء,23
2017-07-24,Al Mahwit,22922,121,0.50,30.100,Al Mahwit,المحويت,27
2017-07-24,Al Dhale'e,22240,75,0.30,29.500,Al Dhale'e,الضالع,30
2017-07-24,Abyan,12450,32,0.30,20.400,Abyan,أبين,12
2017-07-24,Aden,12154,52,0.40,12.700,Aden,عدن,24
2017-07-24,Al Bayda,11953,26,0.20,15.500,Al Bayda,البيضاء,14
2017-07-24,Raymah,7269,91,1.30,11.500,Raymah,ريمة,31
2017-07-24,Lahj,4591,16,0.30,4.400,Lahj,لحج,25
2017-07-24,Al_Jawf,3635,13,0.40,5.600,Al Jawf,الجوف,16
2017-07-24,Ma'areb,2182,4,0.20,6.100,Marib,مأرب,26
2017-07-24,Sa'ada,938,5,0.50,1.100,Sa'ada,صعدة,22
2017-07-24,AL Mahrah,620,1,0.20,3.800,Al Maharah,المهرة,28
2017-07-24,Shabwah,388,1,0.30,0.600,Shabwah,شبوة,21
2017-07-24,Say'on,7,0,0.00,0.000,#N/A,#N/A,#N/A
2017-07-23,Amanat Al Asimah,49311,60,0.10,14.900,Amanat Al Asimah,أمانة العاصمة,13
2017-07-23,Al-Hudaydah,48436,221,0.50,14.500,Al Hudaydah,الحديدة,18
2017-07-23,Hajjah,41385,357,0.90,18.600,Hajjah,حجة,17
2017-07-23,Amran,39803,150,0.40,26.000,Amran,عمران,29
2017-07-23,Ibb,29529,235,0.80,9.600,Ibb,إب,11
2017-07-23,Dhamar,28829,126,0.40,13.600,Dhamar,ذمار,20
2017-07-23,Taizz,27638,164,0.60,9.100,Taizz,تعز,15
2017-07-23,Sana'a,26498,114,0.40,21.200,Sana'a,صنعاء,23
2017-07-23,Al Mahwit,22621,121,0.50,29.700,Al Mahwit,المحويت,27
2017-07-23,Al Dhale'e,21935,75,0.30,29.100,Al Dhale'e,الضالع,30
2017-07-23,Aden,11987,52,0.40,12.500,Aden,عدن,24
2017-07-23,Abyan,11823,32,0.30,19.300,Abyan,أبين,12
2017-07-23,Al Bayda,11774,26,0.20,15.300,Al Bayda,البيضاء,14
2017-07-23,Raymah,7163,91,1.30,11.300,Raymah,ريمة,31
2017-07-23,Lahj,4583,16,0.30,4.400,Lahj,لحج,25
2017-07-23,Al_Jawf,3532,13,0.40,5.400,Al Jawf,الجوف,16
2017-07-23,Ma'areb,2065,4,0.20,5.700,Marib,مأرب,26
2017-07-23,Sa'ada,938,5,0.50,1.100,Sa'ada,صعدة,22
2017-07-23,AL Mahrah,620,1,0.20,3.800,Al Maharah,المهرة,28
2017-07-23,Shabwah,388,1,0.30,0.600,Shabwah,شبوة,21
2017-07-23,Say'on,7,0,0.00,0.000,#N/A,#N/A,#N/A
2017-07-22,Amanat Al Asimah,48916,60,0.10,14.800,Amanat Al Asimah,أمانة العاصمة,13
2017-07-22,Al-Hudaydah,47680,219,0.50,14.300,Al Hudaydah,الحديدة,18
2017-07-22,Hajjah,40800,356,0.90,18.400,Hajjah,حجة,17
2017-07-22,Amran,39277,150,0.40,25.700,Amran,عمران,29
2017-07-22,Ibb,29260,234,0.80,9.500,Ibb,إب,11
2017-07-22,Dhamar,28129,126,0.40,13.300,Dhamar,ذمار,20
2017-07-22,Taizz,27245,164,0.60,9.000,Taizz,تعز,15
2017-07-22,Sana'a,26138,114,0.40,20.900,Sana'a,صنعاء,23
2017-07-22,Al Dhale'e,21628,75,0.30,28.700,Al Dhale'e,الضالع,30
2017-07-22,Al Mahwit,21537,119,0.60,28.300,Al Mahwit,المحويت,27
2017-07-22,Abyan,11822,32,0.30,19.300,Abyan,أبين,12
2017-07-22,Aden,11812,52,0.40,12.300,Aden,عدن,24
2017-07-22,Al Bayda,11580,26,0.20,15.000,Al Bayda,البيضاء,14
2017-07-22,Raymah,7067,91,1.30,11.200,Raymah,ريمة,31
2017-07-22,Lahj,4579,16,0.30,4.400,Lahj,لحج,25
2017-07-22,Al_Jawf,3427,13,0.40,5.300,Al Jawf,الجوف,16
2017-07-22,Ma'areb,1939,4,0.20,5.400,Marib,مأرب,26
2017-07-22,Sa'ada,917,5,0.50,1.000,Sa'ada,صعدة,22
2017-07-22,AL Mahrah,606,1,0.20,3.700,Al Maharah,المهرة,28
2017-07-22,Shabwah,353,1,0.30,0.500,Shabwah,شبوة,21
2017-07-22,Say'on,7,0,0.00,0.000,#N/A,#N/A,#N/A
2017-07-21,Amanat Al Asimah,48430,60,0.10,14.600,Amanat Al Asimah,أمانة العاصمة,13
2017-07-21,Al-Hudaydah,47044,215,0.50,14.100,Al Hudaydah,الحديدة,18
2017-07-21,Hajjah,39787,355,0.90,17.900,Hajjah,حجة,17
2017-07-21,Amran,38802,150,0.40,25.400,Amran,عمران,29
2017-07-21,Ibb,28473,234,0.80,9.300,Ibb,إب,11
2017-07-21,Dhamar,27465,126,0.50,12.900,Dhamar,ذمار,20
2017-07-21,Taizz,26516,162,0.60,8.700,Taizz,تعز,15
2017-07-21,Sana'a,26123,114,0.40,20.900,Sana'a,صنعاء,23
2017-07-21,Al Dhale'e,21342,75,0.40,28.300,Al Dhale'e,الضالع,30
2017-07-21,Al Mahwit,20697,119,0.60,27.200,Al Mahwit,المحويت,27
2017-07-21,Aden,11614,52,0.40,12.100,Aden,عدن,24
2017-07-21,Abyan,11573,31,0.30,18.900,Abyan,أبين,12
2017-07-21,Al Bayda,11382,26,0.20,14.800,Al Bayda,البيضاء,14
2017-07-21,Raymah,6966,91,1.30,11.000,Raymah,ريمة,31
2017-07-21,Lahj,4575,16,0.30,4.300,Lahj,لحج,25
2017-07-21,Al_Jawf,3330,13,0.40,5.100,Al Jawf,الجوف,16
2017-07-21,Ma'areb,1939,4,0.20,5.400,Marib,مأرب,26
2017-07-21,Sa'ada,890,2,0.20,1.000,Sa'ada,صعدة,22
2017-07-21,AL Mahrah,586,1,0.20,3.600,Al Maharah,المهرة,28
2017-07-21,Shabwah,353,1,0.30,0.500,Shabwah,شبوة,21
2017-07-21,Say'on,7,0,0.00,0.000,#N/A,#N/A,#N/A
2017-07-20,Amanat Al Asimah,48100,60,0.10,14.500,Amanat Al Asimah,أمانة العاصمة,13
2017-07-20,Al-Hudaydah,46296,214,0.50,13.800,Al Hudaydah,الحديدة,18
2017-07-20,Hajjah,38947,353,0.90,17.500,Hajjah,حجة,17
2017-07-20,Amran,38342,150,0.40,25.100,Amran,عمران,29
2017-07-20,Ibb,28470,234,0.80,9.300,Ibb,إب,11
2017-07-20,Dhamar,26923,126,0.50,12.700,Dhamar,ذمار,20
2017-07-20,Taizz,26220,162,0.60,8.600,Taizz,تعز,15
2017-07-20,Sana'a,26010,113,0.40,20.800,Sana'a,صنعاء,23
2017-07-20,Al Dhale'e,20941,75,0.40,27.800,Al Dhale'e,الضالع,30
2017-07-20,Al Mahwit,20320,117,0.60,26.700,Al Mahwit,المحويت,27
2017-07-20,Aden,11431,48,0.40,11.900,Aden,عدن,24
2017-07-20,Abyan,11281,31,0.30,18.500,Abyan,أبين,12
2017-07-20,Al Bayda,11261,26,0.20,14.600,Al Bayda,البيضاء,14
2017-07-20,Raymah,6879,91,1.30,10.900,Raymah,ريمة,31
2017-07-20,Lahj,4570,16,0.40,4.300,Lahj,لحج,25
2017-07-20,Al_Jawf,3235,13,0.40,5.000,Al Jawf,الجوف,16
2017-07-20,Ma'areb,1916,4,0.20,5.300,Marib,مأرب,26
2017-07-20,Sa'ada,862,2,0.20,1.000,Sa'ada,صعدة,22
2017-07-20,AL Mahrah,573,1,0.20,3.500,Al Maharah,المهرة,28
2017-07-20,Shabwah,331,1,0.30,0.500,Shabwah,شبوة,21
2017-07-20,Say'on,7,0,0.00,0.000,#N/A,#N/A,#N/A
2017-07-19,Amanat Al Asimah,47647,60,0.10,14.400,Amanat Al Asimah,أمانة العاصمة,13
2017-07-19,Al-Hudaydah,45580,212,0.50,13.600,Al Hudaydah,الحديدة,18
2017-07-19,Hajjah,38936,353,0.90,17.500,Hajjah,حجة,17
2017-07-19,Amran,37814,150,0.40,24.700,Amran,عمران,29
2017-07-19,Ibb,28250,233,0.80,9.200,Ibb,إب,11
2017-07-19,Dhamar,26343,124,0.50,12.400,Dhamar,ذمار,20
2017-07-19,Taizz,25927,161,0.60,8.500,Taizz,تعز,15
2017-07-19,Sana'a,25779,113,0.40,20.600,Sana'a,صنعاء,23
2017-07-19,Al Dhale'e,20504,74,0.40,27.200,Al Dhale'e,الضالع,30
2017-07-19,Al Mahwit,20320,117,0.60,26.700,Al Mahwit,المحويت,27
2017-07-19,Al Bayda,11063,26,0.20,14.400,Al Bayda,البيضاء,14
2017-07-19,Aden,10997,48,0.40,11.500,Aden,عدن,24
2017-07-19,Abyan,10965,31,0.30,17.900,Abyan,أبين,12
2017-07-19,Raymah,6753,90,1.30,10.700,Raymah,ريمة,31
2017-07-19,Lahj,4553,16,0.40,4.300,Lahj,لحج,25
2017-07-19,Al_Jawf,3150,13,0.40,4.900,Al Jawf,الجوف,16
2017-07-19,Ma'areb,1916,4,0.20,5.300,Marib,مأرب,26
2017-07-19,Sa'ada,822,1,0.10,0.900,Sa'ada,صعدة,22
2017-07-19,AL Mahrah,550,1,0.20,3.400,Al Maharah,المهرة,28
2017-07-19,Shabwah,331,1,0.30,0.500,Shabwah,شبوة,21
2017-07-19,Say'on,7,0,0.00,0.000,#N/A,#N/A,#N/A
2017-07-18,Amanat Al Asimah,46985,59,0.10,14.200,Amanat Al Asimah,أمانة العاصمة,13
2017-07-18,Al-Hudaydah,44707,210,0.50,13.400,Al Hudaydah,الحديدة,18
2017-07-18,Hajjah,38001,346,0.90,17.100,Hajjah,حجة,17
2017-07-18,Amran,37260,150,0.40,24.400,Amran,عمران,29
2017-07-18,Ibb,27882,233,0.80,9.100,Ibb,إب,11
2017-07-18,Sana'a,25632,113,0.40,20.500,Sana'a,صنعاء,23
2017-07-18,Taizz,25664,160,0.60,8.500,Taizz,تعز,15
2017-07-18,Dhamar,25683,124,0.50,12.100,Dhamar,ذمار,20
2017-07-18,Al Dhale'e,20054,74,0.40,26.600,Al Dhale'e,الضالع,30
2017-07-18,Al Mahwit,19997,117,0.60,26.300,Al Mahwit,المحويت,27
2017-07-18,Aden,10997,48,0.40,11.500,Aden,عدن,24
2017-07-18,Al Bayda,10931,26,0.20,14.200,Al Bayda,البيضاء,14
2017-07-18,Abyan,10965,31,0.30,17.900,Abyan,أبين,12
2017-07-18,Raymah,6654,90,1.40,10.500,Raymah,ريمة,31
2017-07-18,Lahj,4553,16,0.40,4.300,Lahj,لحج,25
2017-07-18,Al_Jawf,3040,13,0.40,4.700,Al Jawf,الجوف,16
2017-07-18,Ma'areb,1916,4,0.20,5.300,Marib,مأرب,26
2017-07-18,Sa'ada,784,1,0.10,0.900,Sa'ada,صعدة,22
2017-07-18,AL Mahrah,529,1,0.20,3.300,Al Maharah,المهرة,28
2017-07-18,Shabwah,305,1,0.30,0.500,Shabwah,شبوة,21
2017-07-18,Say'on,6,0,0.00,0.000,#N/A,#N/A,#N/A
2017-07-17,Amanat Al Asimah,46477,59,0.10,14.000,Amanat Al Asimah,أمانة العاصمة,13
2017-07-17,Al-Hudaydah,"43,827",210,0.50,13.100,Al Hudaydah,الحديدة,18
2017-07-17,Hajjah,"37,990",346,0.90,17.100,Hajjah,حجة,17
2017-07-17,Amran,"36,740",149,0.40,24.000,Amran,عمران,29
2017-07-17,Ibb,"27,454",231,0.80,9.000,Ibb,إب,11
2017-07-17,Sana'a,"25,482",113,0.40,20.400,Sana'a,صنعاء,23
2017-07-17,Taizz,"25,142",159,0.60,8.300,Taizz,تعز,15
2017-07-17,Dhamar,"24,935",119,0.50,11.800,Dhamar,ذمار,20
2017-07-17,Al Dhale'e,"19,659",74,0.40,26.100,Al Dhale'e,الضالع,30
2017-07-17,Al Mahwit,"19,650",117,0.60,25.800,Al Mahwit,المحويت,27
2017-07-17,Aden,"10,809",48,0.40,11.300,Aden,عدن,24
2017-07-17,Al Bayda,"10,607",24,0.20,13.800,Al Bayda,البيضاء,14
2017-07-17,Abyan,"10,360",31,0.30,16.900,Abyan,أبين,12
2017-07-17,Raymah,"6,514",86,1.30,10.300,Raymah,ريمة,31
2017-07-17,Lahj,"4,545",16,0.40,4.300,Lahj,لحج,25
2017-07-17,Al_Jawf,"2,959",13,0.40,4.600,Al Jawf,الجوف,16
2017-07-17,Ma'areb,"1,868",4,0.20,5.200,Marib,مأرب,26
2017-07-17,Sa'ada,751,1,0.10,0.800,Sa'ada,صعدة,22
2017-07-17,AL Mahrah,511,1,0.20,3.100,Al Maharah,المهرة,28
2017-07-17,Shabwah,305,1,0.30,0.500,Shabwah,شبوة,21
2017-07-17,Say'on,6,0,0.00,0.000,#N/A,#N/A,#N/A
2017-07-16,Amanat Al Asimah,45701,57,0.10,13.800,Amanat Al Asimah,أمانة العاصمة,13
2017-07-16,Al-Hudaydah,42813,206,0.50,12.800,Al Hudaydah,الحديدة,18
2017-07-16,Hajjah,37647,345,0.90,17.000,Hajjah,حجة,17
2017-07-16,Amran,36116,149,0.40,23.600,Amran,عمران,29
2017-07-16,Ibb,27098,231,0.90,8.800,Ibb,إب,11
2017-07-16,Sana'a,25414,113,0.40,20.300,Sana'a,صنعاء,23
2017-07-16,Taizz,24656,157,0.60,8.100,Taizz,تعز,15
2017-07-16,Dhamar,24279,119,0.50,11.400,Dhamar,ذمار,20
2017-07-16,Al Dhale'e,19659,74,0.40,26.100,Al Dhale'e,الضالع,30
2017-07-16,Al Mahwit,19278,115,0.60,25.300,Al Mahwit,المحويت,27
2017-07-16,Aden,10665,48,0.50,11.100,Aden,عدن,24
2017-07-16,Al Bayda,10606,24,0.20,13.800,Al Bayda,البيضاء,14
2017-07-16,Abyan,10001,31,0.30,16.400,Abyan,أبين,12
2017-07-16,Raymah,6416,85,1.30,10.100,Raymah,ريمة,31
2017-07-16,Lahj,4540,16,0.40,4.300,Lahj,لحج,25
2017-07-16,Al_Jawf,2869,13,0.50,4.400,Al Jawf,الجوف,16
2017-07-16,Ma'areb,1783,4,0.20,5.000,Marib,مأرب,26
2017-07-16,Sa'ada,696,1,0.10,0.800,Sa'ada,صعدة,22
2017-07-16,AL Mahrah,499,1,0.20,3.100,Al Maharah,المهرة,28
2017-07-16,Shabwah,303,1,0.30,0.500,Shabwah,شبوة,21
2017-07-16,Say'on,6,0,0.00,0.000,#N/A,#N/A,#N/A
2017-07-15,Amanat Al Asimah,45227,56,0.10,13.700,Amanat Al Asimah,أمانة العاصمة,13
2017-07-15,Al-Hudaydah,41835,204,0.50,12.500,Al Hudaydah,الحديدة,18
2017-07-15,Hajjah,37018,345,0.90,16.700,Hajjah,حجة,17
2017-07-15,Amran,35419,149,0.40,23.200,Amran,عمران,29
2017-07-15,Ibb,26676,230,0.90,8.700,Ibb,إب,11
2017-07-15,Sana'a,25212,113,0.40,20.200,Sana'a,صنعاء,23
2017-07-15,Taizz,24303,157,0.60,8.000,Taizz,تعز,15
2017-07-15,Dhamar,23525,118,0.50,11.100,Dhamar,ذمار,20
2017-07-15,Al Mahwit,18963,115,0.60,24.900,Al Mahwit,المحويت,27
2017-07-15,Al Dhale'e,18902,73,0.40,25.100,Al Dhale'e,الضالع,30
2017-07-15,Aden,10518,48,0.50,11.000,Aden,عدن,24
2017-07-15,Al Bayda,10448,24,0.20,13.600,Al Bayda,البيضاء,14
2017-07-15,Abyan,9994,31,0.30,16.300,Abyan,أبين,12
2017-07-15,Raymah,6254,85,1.40,9.900,Raymah,ريمة,31
2017-07-15,Lahj,4540,16,0.40,4.300,Lahj,لحج,25
2017-07-15,Al_Jawf,2772,13,0.50,4.300,Al Jawf,الجوف,16
2017-07-15,Ma'areb,1687,4,0.20,4.700,Marib,مأرب,26
2017-07-15,Sa'ada,679,1,0.10,0.800,Sa'ada,صعدة,22
2017-07-15,AL Mahrah,484,1,0.20,3.000,Al Maharah,المهرة,28
2017-07-15,Shabwah,291,1,0.30,0.400,Shabwah,شبوة,21
2017-07-15,Say'on,4,0,0.00,0.000,#N/A,#N/A,#N/A
2017-07-14,Amanat Al Asimah,44755,56,0.10,13.500,Amanat Al Asimah,أمانة العاصمة,13
2017-07-14,Al-Hudaydah,40962,202,0.50,12.200,Al Hudaydah,الحديدة,18
2017-07-14,Hajjah,36643,345,0.90,16.500,Hajjah,حجة,17
2017-07-14,Amran,34994,149,0.40,22.900,Amran,عمران,29
2017-07-14,Ibb,26583,228,0.90,8.700,Ibb,إب,11
2017-07-14,Sana'a,24957,111,0.40,20.000,Sana'a,صنعاء,23
2017-07-14,Taizz,23870,155,0.60,7.900,Taizz,تعز,15
2017-07-14,Dhamar,22981,117,0.50,10.800,Dhamar,ذمار,20
2017-07-14,Al Dhale'e,18419,72,0.40,24.400,Al Dhale'e,الضالع,30
2017-07-14,Al Mahwit,18243,115,0.60,24.000,Al Mahwit,المحويت,27
2017-07-14,Aden,10347,48,0.50,10.800,Aden,عدن,24
2017-07-14,Al Bayda,10216,24,0.20,13.300,Al Bayda,البيضاء,14
2017-07-14,Abyan,9678,31,0.30,15.800,Abyan,أبين,12
2017-07-14,Raymah,6120,81,1.30,9.700,Raymah,ريمة,31
2017-07-14,Lahj,4536,16,0.40,4.300,Lahj,لحج,25
2017-07-14,Al_Jawf,2680,13,0.50,4.100,Al Jawf,الجوف,16
2017-07-14,Ma'areb,1643,4,0.20,4.600,Marib,مأرب,26
2017-07-14,Sa'ada,596,1,0.20,0.700,Sa'ada,صعدة,22
2017-07-14,AL Mahrah,462,1,0.20,2.800,Al Maharah,المهرة,28
2017-07-14,Shabwah,280,1,0.40,0.400,Shabwah,شبوة,21
2017-07-14,Say'on,4,0,0.00,0.000,#N/A,#N/A,#N/A
2017-07-13,Amanat Al Asimah,44187,56,0.10,13.400,Amanat Al Asimah,أمانة العاصمة,13
2017-07-13,Al-Hudaydah,40159,200,0.50,12.000,Al Hudaydah,الحديدة,18
2017-07-13,Hajjah,36136,344,1.00,16.300,Hajjah,حجة,17
2017-07-13,Amran,34462,149,0.40,22.500,Amran,عمران,29
2017-07-13,Ibb,26137,227,0.90,8.500,Ibb,إب,11
2017-07-13,Sana'a,24846,111,0.40,19.900,Sana'a,صنعاء,23
2017-07-13,Taizz,23446,154,0.70,7.700,Taizz,تعز,15
2017-07-13,Dhamar,22223,116,0.50,10.500,Dhamar,ذمار,20
2017-07-13,Al Dhale'e,18050,71,0.40,24.000,Al Dhale'e,الضالع,30
2017-07-13,Al Mahwit,17877,113,0.60,23.500,Al Mahwit,المحويت,27
2017-07-13,Aden,10209,48,0.50,10.700,Aden,عدن,24
2017-07-13,Al Bayda,10117,24,0.20,13.100,Al Bayda,البيضاء,14
2017-07-13,Abyan,9139,30,0.30,15.000,Abyan,أبين,12
2017-07-13,Raymah,6027,80,1.30,9.500,Raymah,ريمة,31
2017-07-13,Lahj,4108,16,0.40,3.900,Lahj,لحج,25
2017-07-13,Al_Jawf,2573,13,0.50,4.000,Al Jawf,الجوف,16
2017-07-13,Ma'areb,1642,4,0.20,4.600,Marib,مأرب,26
2017-07-13,Sa'ada,596,1,0.20,0.700,Sa'ada,صعدة,22
2017-07-13,AL Mahrah,445,1,0.20,2.700,Al Maharah,المهرة,28
2017-07-13,Shabwah,275,1,0.40,0.400,Shabwah,شبوة,21
2017-07-13,Say'on,4,0,0.00,0.000,#N/A,#N/A,#N/A
2017-07-12,Amanat Al Asimah,43578,56,0.10,13.200,Amanat Al Asimah,أمانة العاصمة,13
2017-07-12,Al-Hudaydah,39445,199,0.50,11.800,Al Hudaydah,الحديدة,18
2017-07-12,Hajjah,35336,338,1.00,15.900,Hajjah,حجة,17
2017-07-12,Amran,33861,149,0.40,22.100,Amran,عمران,29
2017-07-12,Ibb,25723,227,0.90,8.400,Ibb,إب,11
2017-07-12,Sana'a,24665,111,0.50,19.700,Sana'a,صنعاء,23
2017-07-12,Taizz,22905,150,0.70,7.600,Taizz,تعز,15
2017-07-12,Dhamar,21429,114,0.50,10.100,Dhamar,ذمار,20
2017-07-12,Al Dhale'e,18047,71,0.40,24.000,Al Dhale'e,الضالع,30
2017-07-12,Al Mahwit,16922,111,0.70,22.200,Al Mahwit,المحويت,27
2017-07-12,Aden,10009,48,0.50,10.500,Aden,عدن,24
2017-07-12,Al Bayda,9936,24,0.20,12.900,Al Bayda,البيضاء,14
2017-07-12,Abyan,8855,29,0.30,14.500,Abyan,أبين,12
2017-07-12,Raymah,5964,80,1.30,9.400,Raymah,ريمة,31
2017-07-12,Lahj,4103,16,0.40,3.900,Lahj,لحج,25
2017-07-12,Al_Jawf,2546,13,0.50,3.900,Al Jawf,الجوف,16
2017-07-12,Ma'areb,1521,4,0.30,4.200,Marib,مأرب,26
2017-07-12,Sa'ada,566,1,0.20,0.600,Sa'ada,صعدة,22
2017-07-12,AL Mahrah,427,1,0.20,2.600,Al Maharah,المهرة,28
2017-07-12,Shabwah,240,1,0.40,0.400,Shabwah,شبوة,21
2017-07-12,Say'on,4,0,0.00,0.000,#N/A,#N/A,#N/A
2017-07-11,Amanat Al Asimah,42765,56,0.10,12.900,Amanat Al Asimah,أمانة العاصمة,13
2017-07-11,Al-Hudaydah,38942,199,0.50,11.600,Al Hudaydah,الحديدة,18
2017-07-11,Hajjah,35310,338,1.00,15.900,Hajjah,حجة,17
2017-07-11,Amran,32625,149,0.50,21.300,Amran,عمران,29
2017-07-11,Ibb,25433,227,0.90,8.300,Ibb,إب,11
2017-07-11,Sana'a,24360,111,0.50,19.500,Sana'a,صنعاء,23
2017-07-11,Taizz,22903,150,0.70,7.500,Taizz,تعز,15
2017-07-11,Dhamar,20848,114,0.50,9.800,Dhamar,ذمار,20
2017-07-11,Al Dhale'e,17622,71,0.40,23.400,Al Dhale'e,الضالع,30
2017-07-11,Al Mahwit,16444,111,0.70,21.600,Al Mahwit,المحويت,27
2017-07-11,Aden,9810,48,0.50,10.300,Aden,عدن,24
2017-07-11,Al Bayda,9385,24,0.30,12.200,Al Bayda,البيضاء,14
2017-07-11,Abyan,8602,28,0.30,14.100,Abyan,أبين,12
2017-07-11,Raymah,5870,80,1.40,9.300,Raymah,ريمة,31
2017-07-11,Lahj,4097,16,0.40,3.900,Lahj,لحج,25
2017-07-11,Al_Jawf,2473,13,0.50,3.800,Al Jawf,الجوف,16
2017-07-11,Ma'areb,1521,4,0.30,4.200,Marib,مأرب,26
2017-07-11,Sa'ada,534,1,0.20,0.600,Sa'ada,صعدة,22
2017-07-11,AL Mahrah,411,1,0.20,2.500,Al Maharah,المهرة,28
2017-07-11,Shabwah,240,1,0.40,0.400,Shabwah,شبوة,21
2017-07-11,Say'on,4,0,0.00,0.000,#N/A,#N/A,#N/A
2017-07-10,Amanat Al Asimah,42142,56,0.10,12.700,Amanat Al Asimah,أمانة العاصمة,13
2017-07-10,Al-Hudaydah,38566,199,0.50,11.500,Al Hudaydah,الحديدة,18
2017-07-10,Hajjah,34249,335,1.00,15.400,Hajjah,حجة,17
2017-07-10,Amran,32611,149,0.50,21.300,Amran,عمران,29
2017-07-10,Ibb,24834,225,0.90,8.100,Ibb,إب,11
2017-07-10,Sana'a,23971,110,0.50,19.200,Sana'a,صنعاء,23
2017-07-10,Taizz,22466,150,0.70,7.400,Taizz,تعز,15
2017-07-10,Dhamar,20135,114,0.60,9.500,Dhamar,ذمار,20
2017-07-10,Al Dhale'e,16624,71,0.40,22.100,Al Dhale'e,الضالع,30
2017-07-10,Al Mahwit,15819,108,0.70,20.800,Al Mahwit,المحويت,27
2017-07-10,Aden,9618,48,0.50,10.100,Aden,عدن,24
2017-07-10,Al Bayda,9383,24,0.30,12.200,Al Bayda,البيضاء,14
2017-07-10,Abyan,8270,27,0.30,13.500,Abyan,أبين,12
2017-07-10,Raymah,5786,80,1.40,9.100,Raymah,ريمة,31
2017-07-10,Lahj,4090,16,0.40,3.900,Lahj,لحج,25
2017-07-10,Al_Jawf,2375,13,0.50,3.700,Al Jawf,الجوف,16
2017-07-10,Ma'areb,1454,4,0.30,4.000,Marib,مأرب,26
2017-07-10,Sa'ada,517,1,0.20,0.600,Sa'ada,صعدة,22
2017-07-10,AL Mahrah,400,1,0.30,2.500,Al Maharah,المهرة,28
2017-07-10,Shabwah,224,1,0.40,0.300,Shabwah,شبوة,21
2017-07-10,Say'on,4,0,0.00,0.000,#N/A,#N/A,#N/A
2017-07-07,Amanat Al Asimah,40840,54,0.10,12.300,Amanat Al Asimah,أمانة العاصمة,13
2017-07-07,Al-Hudaydah,36379,196,0.50,10.900,Al Hudaydah,الحديدة,18
2017-07-07,Hajjah,31907,325,1.00,14.400,Hajjah,حجة,17
2017-07-07,Amran,31424,147,0.50,20.500,Amran,عمران,29
2017-07-07,Sana'a,23261,110,0.50,18.600,Sana'a,صنعاء,23
2017-07-07,Ibb,23129,225,1.00,7.500,Ibb,إب,11
2017-07-07,Taizz,21836,146,0.70,7.200,Taizz,تعز,15
2017-07-07,Dhamar,18840,113,0.60,8.900,Dhamar,ذمار,20
2017-07-07,Al Dhale'e,15166,70,0.50,20.100,Al Dhale'e,الضالع,30
2017-07-07,Al Mahwit,14921,108,0.70,19.600,Al Mahwit,المحويت,27
2017-07-07,Al Bayda,9028,24,0.30,11.700,Al Bayda,البيضاء,14
2017-07-07,Aden,8948,48,0.50,9.400,Aden,عدن,24
2017-07-07,Abyan,7582,27,0.40,12.400,Abyan,أبين,12
2017-07-07,Raymah,5534,78,1.40,8.700,Raymah,ريمة,31
2017-07-07,Lahj,4072,16,0.40,3.900,Lahj,لحج,25
2017-07-07,Al_Jawf,2209,13,0.60,3.400,Al Jawf,الجوف,16
2017-07-07,Ma'areb,1335,4,0.30,3.700,Marib,مأرب,26
2017-07-07,Sa'ada,477,1,0.20,0.500,Sa'ada,صعدة,22
2017-07-07,AL Mahrah,355,1,0.30,2.200,Al Maharah,المهرة,28
2017-07-07,Shabwah,189,0,0.00,0.300,Shabwah,شبوة,21
2017-07-07,Say'on,4,0,0.00,0.000,#N/A,#N/A,#N/A
2017-07-07,Moklla,2,0,0.00,0.000,#N/A,#N/A,#N/A
2017-07-06,Amanat Al Asimah,40477,54,0.10,12.200,Amanat Al Asimah,أمانة العاصمة,13
2017-07-06,Al-Hudaydah,35646,193,0.50,10.700,Al Hudaydah,الحديدة,18
2017-07-06,Hajjah,31329,312,1.00,14.100,Hajjah,حجة,17
2017-07-06,Amran,30827,146,0.50,20.200,Amran,عمران,29
2017-07-06,Sana'a,23017,109,0.50,18.400,Sana'a,صنعاء,23
2017-07-06,Ibb,22737,223,1.00,7.400,Ibb,إب,11
2017-07-06,Taizz,21421,146,0.70,7.100,Taizz,تعز,15
2017-07-06,Dhamar,18124,112,0.60,8.500,Dhamar,ذمار,20
2017-07-06,Al Dhale'e,14628,65,0.40,19.400,Al Dhale'e,الضالع,30
2017-07-06,Al Mahwit,14572,108,0.70,19.200,Al Mahwit,المحويت,27
2017-07-06,Al Bayda,8898,24,0.30,11.600,Al Bayda,البيضاء,14
2017-07-06,Aden,8519,46,0.50,8.900,Aden,عدن,24
2017-07-06,Abyan,7293,27,0.40,11.900,Abyan,أبين,12
2017-07-06,Raymah,5517,78,1.40,8.700,Raymah,ريمة,31
2017-07-06,Lahj,4063,16,0.40,3.900,Lahj,لحج,25
2017-07-06,Al_Jawf,2208,13,0.60,3.400,Al Jawf,الجوف,16
2017-07-06,Ma'areb,1279,4,0.30,3.600,Marib,مأرب,26
2017-07-06,Sa'ada,466,1,0.20,0.500,Sa'ada,صعدة,22
2017-07-06,AL Mahrah,338,1,0.30,2.100,Al Maharah,المهرة,28
2017-07-06,Shabwah,189,0,0.00,0.300,Shabwah,شبوة,21
2017-07-06,Say'on,4,0,0.00,0.000,#N/A,#N/A,#N/A
2017-07-06,Moklla,2,0,0.00,0.000,#N/A,#N/A,#N/A
2017-07-05,Amanat Al Asimah,39972,53,0.10,12.100,Amanat Al Asimah,أمانة العاصمة,13
2017-07-05,Al-Hudaydah,34579,189,0.50,10.300,Al Hudaydah,الحديدة,18
2017-07-05,Hajjah,30271,308,1.00,13.600,Hajjah,حجة,17
2017-07-05,Amran,30135,146,0.50,19.700,Amran,عمران,29
2017-07-05,Sana'a,22651,108,0.50,18.100,Sana'a,صنعاء,23
2017-07-05,Ibb,22124,220,1.00,7.200,Ibb,إب,11
2017-07-05,Taizz,21189,146,0.70,7.000,Taizz,تعز,15
2017-07-05,Dhamar,17404,112,0.60,8.200,Dhamar,ذمار,20
2017-07-05,Al Mahwit,14193,108,0.80,18.700,Al Mahwit,المحويت,27
2017-07-05,Al Dhale'e,13573,60,0.40,18.000,Al Dhale'e,الضالع,30
2017-07-05,Al Bayda,8716,24,0.30,11.300,Al Bayda,البيضاء,14
2017-07-05,Aden,8519,46,0.50,8.900,Aden,عدن,24
2017-07-05,Abyan,6971,27,0.40,11.400,Abyan,أبين,12
2017-07-05,Raymah,5388,75,1.40,8.500,Raymah,ريمة,31
2017-07-05,Lahj,4063,16,0.40,3.900,Lahj,لحج,25
2017-07-05,Al_Jawf,2158,13,0.60,3.300,Al Jawf,الجوف,16
2017-07-05,Ma'areb,1221,4,0.30,3.400,Marib,مأرب,26
2017-07-05,Sa'ada,450,1,0.20,0.500,Sa'ada,صعدة,22
2017-07-05,AL Mahrah,332,1,0.30,2.000,Al Maharah,المهرة,28
2017-07-05,Shabwah,189,0,0.00,0.300,Shabwah,شبوة,21
2017-07-05,Moklla,2,0,0.00,0.000,#N/A,#N/A,#N/A
2017-07-04,Amanat Al Asimah,39316,53,0.10,11.900,Amanat Al Asimah,أمانة العاصمة,13
2017-07-04,Al-Hudaydah,33616,188,0.60,10.000,Al Hudaydah,الحديدة,18
2017-07-04,Hajjah,29800,304,1.00,13.400,Hajjah,حجة,17
2017-07-04,Amran,29533,146,0.50,19.300,Amran,عمران,29
2017-07-04,Sana'a,22242,108,0.50,17.800,Sana'a,صنعاء,23
2017-07-04,Ibb,21306,220,1.00,7.000,Ibb,إب,11
2017-07-04,Taizz,20637,142,0.70,6.800,Taizz,تعز,15
2017-07-04,Dhamar,16817,111,0.70,7.900,Dhamar,ذمار,20
2017-07-04,Al Mahwit,13811,104,0.80,18.200,Al Mahwit,المحويت,27
2017-07-04,Al Dhale'e,12375,57,0.50,16.400,Al Dhale'e,الضالع,30
2017-07-04,Al Bayda,8522,21,0.20,11.100,Al Bayda,البيضاء,14
2017-07-04,Aden,8349,46,0.60,8.700,Aden,عدن,24
2017-07-04,Abyan,6682,27,0.40,10.900,Abyan,أبين,12
2017-07-04,Raymah,5086,74,1.50,8.000,Raymah,ريمة,31
2017-07-04,Lahj,3754,16,0.40,3.600,Lahj,لحج,25
2017-07-04,Al_Jawf,2073,11,0.50,3.200,Al Jawf,الجوف,16
2017-07-04,Ma'areb,1129,4,0.40,3.100,Marib,مأرب,26
2017-07-04,Sa'ada,429,1,0.20,0.500,Sa'ada,صعدة,22
2017-07-04,AL Mahrah,319,1,0.30,2.000,Al Maharah,المهرة,28
2017-07-04,Shabwah,189,0,0.00,0.300,Shabwah,شبوة,21
2017-07-04,Moklla,2,0,0.00,0.000,#N/A,#N/A,#N/A
2017-07-03,Amanat Al Asimah,38638,53,0.10,11.700,Amanat Al Asimah,أمانة العاصمة,13
2017-07-03,Al-Hudaydah,32778,186,0.60,9.800,Al Hudaydah,الحديدة,18
2017-07-03,Hajjah,29255,297,1.00,13.200,Hajjah,حجة,17
2017-07-03,Amran,28853,145,0.50,18.900,Amran,عمران,29
2017-07-03,Sana'a,21831,105,0.50,17.500,Sana'a,صنعاء,23
2017-07-03,Ibb,20671,219,1.10,6.700,Ibb,إب,11
2017-07-03,Taizz,20222,141,0.70,6.700,Taizz,تعز,15
2017-07-03,Dhamar,16133,109,0.70,7.600,Dhamar,ذمار,20
2017-07-03,Al Mahwit,13465,101,0.80,17.700,Al Mahwit,المحويت,27
2017-07-03,Al Dhale'e,12371,57,0.50,16.400,Al Dhale'e,الضالع,30
2017-07-03,Al Bayda,8307,21,0.30,10.800,Al Bayda,البيضاء,14
2017-07-03,Aden,8100,46,0.60,8.500,Aden,عدن,24
2017-07-03,Abyan,6314,27,0.40,10.300,Abyan,أبين,12
2017-07-03,Raymah,5083,74,1.50,8.000,Raymah,ريمة,31
2017-07-03,Lahj,3608,16,0.40,3.400,Lahj,لحج,25
2017-07-03,Al_Jawf,2008,11,0.50,3.100,Al Jawf,الجوف,16
2017-07-03,Ma'areb,1075,4,0.40,3.000,Marib,مأرب,26
2017-07-03,Sa'ada,423,1,0.20,0.500,Sa'ada,صعدة,22
2017-07-03,AL Mahrah,306,1,0.30,1.900,Al Maharah,المهرة,28
2017-07-03,Shabwah,165,0,0.00,0.300,Shabwah,شبوة,21
2017-07-03,Moklla,2,0,0.00,0.000,#N/A,#N/A,#N/A
2017-07-02,Amanat Al Asimah,37981,53,0.10,11.500,Amanat Al Asimah,أمانة العاصمة,13
2017-07-02,Al-Hudaydah,31889,184,0.60,9.500,Al Hudaydah,الحديدة,18
2017-07-02,Hajjah,29095,288,1.00,13.100,Hajjah,حجة,17
2017-07-02,Amran,28058,144,0.50,18.300,Amran,عمران,29
2017-07-02,Sana'a,21157,103,0.50,16.900,Sana'a,صنعاء,23
2017-07-02,Ibb,19993,216,1.10,6.500,Ibb,إب,11
2017-07-02,Taizz,19079,134,0.70,6.300,Taizz,تعز,15
2017-07-02,Dhamar,15443,109,0.70,7.300,Dhamar,ذمار,20
2017-07-02,Al Mahwit,13228,101,0.80,17.400,Al Mahwit,المحويت,27
2017-07-02,Al Dhale'e,12360,57,0.50,16.400,Al Dhale'e,الضالع,30
2017-07-02,Al Bayda,8067,21,0.30,10.500,Al Bayda,البيضاء,14
2017-07-02,Aden,7939,46,0.60,8.300,Aden,عدن,24
2017-07-02,Abyan,5976,25,0.40,9.800,Abyan,أبين,12
2017-07-02,Raymah,4937,73,1.50,7.800,Raymah,ريمة,31
2017-07-02,Lahj,3597,16,0.40,3.400,Lahj,لحج,25
2017-07-02,Al_Jawf,1933,11,0.60,3.000,Al Jawf,الجوف,16
2017-07-02,Ma'areb,1048,4,0.40,2.900,Marib,مأرب,26
2017-07-02,Sa'ada,415,1,0.20,0.500,Sa'ada,صعدة,22
2017-07-02,AL Mahrah,293,1,0.30,1.800,Al Maharah,المهرة,28
2017-07-02,Shabwah,160,0,0.00,0.200,Shabwah,شبوة,21
2017-07-02,Moklla,2,0,0.00,0.000,#N/A,#N/A,#N/A
2017-07-01,Amanat Al Asimah,36915,53,0.10,11.200,Amanat Al Asimah,أمانة العاصمة,13
2017-07-01,Al-Hudaydah,30794,177,0.60,9.200,Al Hudaydah,الحديدة,18
2017-07-01,Hajjah,27672,288,1.00,12.500,Hajjah,حجة,17
2017-07-01,Amran,27287,143,0.50,17.800,Amran,عمران,29
2017-07-01,Sana'a,20546,99,0.50,16.400,Sana'a,صنعاء,23
2017-07-01,Ibb,19194,216,1.10,6.300,Ibb,إب,11
2017-07-01,Taizz,18729,132,0.70,6.200,Taizz,تعز,15
2017-07-01,Dhamar,14708,106,0.70,6.900,Dhamar,ذمار,20
2017-07-01,Al Mahwit,12936,100,0.80,17.000,Al Mahwit,المحويت,27
2017-07-01,Al Dhale'e,11196,54,0.50,14.900,Al Dhale'e,الضالع,30
2017-07-01,Al Bayda,7866,21,0.30,10.200,Al Bayda,البيضاء,14
2017-07-01,Aden,7775,46,0.60,8.100,Aden,عدن,24
2017-07-01,Abyan,5338,24,0.40,8.700,Abyan,أبين,12
2017-07-01,Raymah,4829,71,1.50,7.600,Raymah,ريمة,31
2017-07-01,Lahj,3339,14,0.40,3.200,Lahj,لحج,25
2017-07-01,Al_Jawf,1865,10,0.50,2.900,Al Jawf,الجوف,16
2017-07-01,Ma'areb,993,4,0.40,2.800,Marib,مأرب,26
2017-07-01,Sa'ada,398,1,0.30,0.400,Sa'ada,صعدة,22
2017-07-01,AL Mahrah,284,1,0.40,1.700,Al Maharah,المهرة,28
2017-07-01,Shabwah,152,0,0.00,0.200,Shabwah,شبوة,21
2017-07-01,Moklla,2,0,0.00,0.000,#N/A,#N/A,#N/A
2017-06-30,Amanat Al Asimah,36240,53,0.10,11.000,Amanat Al Asimah,أمانة العاصمة,13
2017-06-30,Al-Hudaydah,30025,172,0.60,9.000,Al Hudaydah,الحديدة,18
2017-06-30,Hajjah,27158,268,1.00,12.200,Hajjah,حجة,17
2017-06-30,Amran,26866,142,0.50,17.600,Amran,عمران,29
2017-06-30,Sana'a,20361,99,0.50,16.300,Sana'a,صنعاء,23
2017-06-30,Ibb,18663,215,1.20,6.100,Ibb,إب,11
2017-06-30,Taizz,18139,126,0.70,6.000,Taizz,تعز,15
2017-06-30,Dhamar,14006,102,0.70,6.600,Dhamar,ذمار,20
2017-06-30,Al Mahwit,12648,99,0.80,16.600,Al Mahwit,المحويت,27
2017-06-30,Al Dhale'e,11195,54,0.50,14.900,Al Dhale'e,الضالع,30
2017-06-30,Al Bayda,7641,21,0.30,9.900,Al Bayda,البيضاء,14
2017-06-30,Aden,7507,46,0.60,7.800,Aden,عدن,24
2017-06-30,Abyan,5016,23,0.50,8.200,Abyan,أبين,12
2017-06-30,Raymah,4567,67,1.50,7.200,Raymah,ريمة,31
2017-06-30,Lahj,3320,14,0.40,3.200,Lahj,لحج,25
2017-06-30,Al_Jawf,1776,10,0.60,2.700,Al Jawf,الجوف,16
2017-06-30,Ma'areb,958,4,0.40,2.700,Marib,مأرب,26
2017-06-30,Sa'ada,385,1,0.30,0.400,Sa'ada,صعدة,22
2017-06-30,AL Mahrah,268,1,0.40,1.700,Al Maharah,المهرة,28
2017-06-30,Shabwah,126,0,0.00,0.200,Shabwah,شبوة,21
2017-06-30,Moklla,2,0,0.00,0.000,#N/A,#N/A,#N/A
2017-06-29,Amanat Al Asimah,35693,53,0.10,10.800,Amanat Al Asimah,أمانة العاصمة,13
2017-06-29,Al-Hudaydah,29089,169,0.60,8.700,Al Hudaydah,الحديدة,18
2017-06-29,Amran,26847,142,0.50,17.500,Amran,عمران,29
2017-06-29,Hajjah,25335,243,1.00,11.400,Hajjah,حجة,17
2017-06-29,Sana'a,19898,99,0.50,15.900,Sana'a,صنعاء,23
2017-06-29,Ibb,17889,207,1.20,5.800,Ibb,إب,11
2017-06-29,Taizz,17636,126,0.70,5.800,Taizz,تعز,15
2017-06-29,Dhamar,13433,100,0.70,6.300,Dhamar,ذمار,20
2017-06-29,Al Mahwit,12128,97,0.80,15.900,Al Mahwit,المحويت,27
2017-06-29,Al Dhale'e,11192,54,0.50,14.900,Al Dhale'e,الضالع,30
2017-06-29,Al Bayda,7540,21,0.30,9.800,Al Bayda,البيضاء,14
2017-06-29,Aden,7315,46,0.60,7.600,Aden,عدن,24
2017-06-29,Abyan,4783,22,0.50,7.800,Abyan,أبين,12
2017-06-29,Raymah,4396,67,1.50,6.900,Raymah,ريمة,31
2017-06-29,Lahj,3026,13,0.40,2.900,Lahj,لحج,25
2017-06-29,Al_Jawf,1580,10,0.60,2.400,Al Jawf,الجوف,16
2017-06-29,Ma'areb,906,4,0.40,2.500,Marib,مأرب,26
2017-06-29,Sa'ada,372,1,0.30,0.400,Sa'ada,صعدة,22
2017-06-29,AL Mahrah,243,1,0.40,1.500,Al Maharah,المهرة,28
2017-06-29,Shabwah,126,0,0.00,0.200,Shabwah,شبوة,21
2017-06-28,Amanat Al Asimah,35060,53,0.20,10.600,Amanat Al Asimah,أمانة العاصمة,13
2017-06-28,Al-Hudaydah,28423,164,0.60,8.500,Al Hudaydah,الحديدة,18
2017-06-28,Amran,25156,140,0.60,16.400,Amran,عمران,29
2017-06-28,Hajjah,24819,223,0.90,11.200,Hajjah,حجة,17
2017-06-28,Sana'a,19130,98,0.50,15.300,Sana'a,صنعاء,23
2017-06-28,Taizz,17265,123,0.70,5.700,Taizz,تعز,15
2017-06-28,Ibb,17135,206,1.20,5.600,Ibb,إب,11
2017-06-28,Dhamar,12837,100,0.80,6.100,Dhamar,ذمار,20
2017-06-28,Al Mahwit,11763,96,0.80,15.500,Al Mahwit,المحويت,27
2017-06-28,Al Dhale'e,10610,54,0.50,14.100,Al Dhale'e,الضالع,30
2017-06-28,Al Bayda,7345,19,0.30,9.500,Al Bayda,البيضاء,14
2017-06-28,Aden,7007,46,0.70,7.300,Aden,عدن,24
2017-06-28,Abyan,4513,22,0.50,7.400,Abyan,أبين,12
2017-06-28,Raymah,4202,66,1.60,6.600,Raymah,ريمة,31
2017-06-28,Lahj,3014,13,0.40,2.900,Lahj,لحج,25
2017-06-28,Al_Jawf,1577,10,0.60,2.400,Al Jawf,الجوف,16
2017-06-28,Ma'areb,805,4,0.50,2.200,Marib,مأرب,26
2017-06-28,Sa'ada,346,1,0.30,0.400,Sa'ada,صعدة,22
2017-06-28,AL Mahrah,243,1,0.40,1.500,Al Maharah,المهرة,28
2017-06-28,Shabwah,114,0,0.00,0.200,Shabwah,شبوة,21
2017-06-27,Amanat Al Asimah,34312,53,0.20,10.400,Amanat Al Asimah,أمانة العاصمة,13
2017-06-27,Al-Hudaydah,27821,164,0.60,8.300,Al Hudaydah,الحديدة,18
2017-06-27,Hajjah,24580,223,9.00,11.100,Hajjah,حجة,17
2017-06-27,Amran,24373,139,0.60,15.900,Amran,عمران,29
2017-06-27,Sana'a,18672,98,0.50,14.900,Sana'a,صنعاء,23
2017-06-27,Taizz,17042,121,0.70,5.600,Taizz,تعز,15
2017-06-27,Ibb,16662,197,1.20,5.400,Ibb,إب,11
2017-06-27,Dhamar,12337,96,0.80,5.800,Dhamar,ذمار,20
2017-06-27,Al Mahwit,11320,95,0.80,14.900,Al Mahwit,المحويت,27
2017-06-27,Al Dhale'e,10183,52,0.50,13.500,Al Dhale'e,الضالع,30
2017-06-27,Al Bayda,7210,19,0.30,9.400,Al Bayda,البيضاء,14
2017-06-27,Aden,6757,44,0.70,7.100,Aden,عدن,24
2017-06-27,Abyan,4092,22,0.50,6.700,Abyan,أبين,12
2017-06-27,Raymah,3941,64,1.60,6.200,Raymah,ريمة,31
2017-06-27,Lahj,2794,13,0.50,2.700,Lahj,لحج,25
2017-06-27,Al_Jawf,1440,10,0.70,2.200,Al Jawf,الجوف,16
2017-06-27,Ma'areb,805,4,0.50,2.200,Marib,مأرب,26
2017-06-27,Sa'ada,324,1,0.30,0.400,Sa'ada,صعدة,22
2017-06-27,AL Mahrah,229,1,0.40,1.400,Al Maharah,المهرة,28
2017-06-27,Shabwah,95,0,0.00,0.100,Shabwah,شبوة,21
2017-06-26,Amanat Al Asimah,33349,53,0.20,10.100,Amanat Al Asimah,أمانة العاصمة,13
2017-06-26,Al-Hudaydah,26893,160,0.60,8.000,Al Hudaydah,الحديدة,18
2017-06-26,Hajjah,24566,223,0.90,11.100,Hajjah,حجة,17
2017-06-26,Amran,23402,137,0.60,15.300,Amran,عمران,29
2017-06-26,Sana'a,18145,97,0.50,14.500,Sana'a,صنعاء,23
2017-06-26,Ibb,16489,193,1.20,5.400,Ibb,إب,11
2017-06-26,Taizz,16388,121,0.70,5.400,Taizz,تعز,15
2017-06-26,Dhamar,11742,94,0.80,5.500,Dhamar,ذمار,20
2017-06-26,Al Mahwit,10892,93,0.90,14.300,Al Mahwit,المحويت,27
2017-06-26,Al Dhale'e,9746,51,0.50,12.900,Al Dhale'e,الضالع,30
2017-06-26,Al Bayda,7210,19,0.30,9.400,Al Bayda,البيضاء,14
2017-06-26,Aden,6469,44,0.70,6.800,Aden,عدن,24
2017-06-26,Abyan,4086,22,0.50,6.700,Abyan,أبين,12
2017-06-26,Raymah,3935,64,1.60,6.200,Raymah,ريمة,31
2017-06-26,Lahj,2779,13,0.50,2.600,Lahj,لحج,25
2017-06-26,Al_Jawf,1388,10,0.70,2.100,Al Jawf,الجوف,16
2017-06-26,Ma'areb,728,4,0.50,2.000,Marib,مأرب,26
2017-06-26,Sa'ada,297,1,0.30,0.300,Sa'ada,صعدة,22
2017-06-26,AL Mahrah,214,1,0.50,1.300,Al Maharah,المهرة,28
2017-06-26,Shabwah,80,0,0.00,0.100,Shabwah,شبوة,21
2017-06-25,Amanat Al Asimah,32812,53,0.20,9.900,Amanat Al Asimah,أمانة العاصمة,13
2017-06-25,Al-Hudaydah,26256,159,0.60,7.800,Al Hudaydah,الحديدة,18
2017-06-25,Hajjah,23550,213,0.90,10.600,Hajjah,حجة,17
2017-06-25,Amran,22830,133,0.60,14.900,Amran,عمران,29
2017-06-25,Sana'a,17418,95,0.50,13.900,Sana'a,صنعاء,23
2017-06-25,Ibb,16236,191,1.20,5.300,Ibb,إب,11
2017-06-25,Taizz,15995,120,0.80,5.300,Taizz,تعز,15
2017-06-25,Dhamar,11251,92,0.80,5.300,Dhamar,ذمار,20
2017-06-25,Al Mahwit,10500,89,0.80,13.800,Al Mahwit,المحويت,27
2017-06-25,Al Dhale'e,9171,49,0.50,12.200,Al Dhale'e,الضالع,30
2017-06-25,Al Bayda,7034,19,0.30,9.100,Al Bayda,البيضاء,14
2017-06-25,Aden,6205,42,0.70,6.500,Aden,عدن,24
2017-06-25,Abyan,3955,22,0.60,6.500,Abyan,أبين,12
2017-06-25,Raymah,3856,63,1.60,6.100,Raymah,ريمة,31
2017-06-25,Lahj,2503,12,0.50,2.400,Lahj,لحج,25
2017-06-25,Al_Jawf,1302,10,0.80,2.000,Al Jawf,الجوف,16
2017-06-25,Ma'areb,696,4,0.60,1.900,Marib,مأرب,26
2017-06-25,Sa'ada,276,1,0.40,0.300,Sa'ada,صعدة,22
2017-06-25,AL Mahrah,201,1,0.50,1.200,Al Maharah,المهرة,28
2017-06-25,Shabwah,70,0,0.00,0.100,Shabwah,شبوة,21
2017-06-24,Amanat Al Asimah,32455,53,0.20,9.800,Amanat Al Asimah,أمانة العاصمة,13
2017-06-24,Al-Hudaydah,25771,157,0.60,7.700,Al Hudaydah,الحديدة,18
2017-06-24,Hajjah,23400,201,0.90,10.500,Hajjah,حجة,17
2017-06-24,Amran,22089,133,0.60,14.400,Amran,عمران,29
2017-06-24,Sana'a,17134,95,0.60,13.700,Sana'a,صنعاء,23
2017-06-24,Taizz,15817,120,0.80,5.200,Taizz,تعز,15
2017-06-24,Ibb,15785,187,1.20,5.100,Ibb,إب,11
2017-06-24,Dhamar,10894,92,0.80,5.100,Dhamar,ذمار,20
2017-06-24,Al Mahwit,10305,88,0.90,13.500,Al Mahwit,المحويت,27
2017-06-24,Al Dhale'e,8896,46,0.50,11.800,Al Dhale'e,الضالع,30
2017-06-24,Al Bayda,6920,18,0.30,9.000,Al Bayda,البيضاء,14
2017-06-24,Aden,6048,41,0.70,6.300,Aden,عدن,24
2017-06-24,Abyan,3953,22,0.60,6.500,Abyan,أبين,12
2017-06-24,Raymah,3852,63,1.60,6.100,Raymah,ريمة,31
2017-06-24,Lahj,2496,12,0.50,2.400,Lahj,لحج,25
2017-06-24,Al_Jawf,1190,10,0.80,1.800,Al Jawf,الجوف,16
2017-06-24,Ma'areb,683,4,0.60,1.900,Marib,مأرب,26
2017-06-24,Sa'ada,253,1,0.40,0.300,Sa'ada,صعدة,22
2017-06-24,AL Mahrah,192,1,0.50,1.200,Al Maharah,المهرة,28
2017-06-24,Shabwah,70,0,0.00,0.100,Shabwah,شبوة,21
2017-06-23,Amanat Al Asimah,31660,53,0.20,9.600,Amanat Al Asimah,أمانة العاصمة,13
2017-06-23,Al-Hudaydah,24876,155,0.60,7.400,Al Hudaydah,الحديدة,18
2017-06-23,Hajjah,21800,195,0.90,9.800,Hajjah,حجة,17
2017-06-23,Amran,21426,133,0.60,14.000,Amran,عمران,29
2017-06-23,Sana'a,16641,95,0.60,13.300,Sana'a,صنعاء,23
2017-06-23,Taizz,15360,115,0.70,5.100,Taizz,تعز,15
2017-06-23,Ibb,15093,186,1.20,4.900,Ibb,إب,11
2017-06-23,Dhamar,10654,90,0.80,5.000,Dhamar,ذمار,20
2017-06-23,Al Mahwit,10035,77,0.80,13.200,Al Mahwit,المحويت,27
2017-06-23,Al Dhale'e,8445,41,0.50,11.200,Al Dhale'e,الضالع,30
2017-06-23,Al Bayda,6752,18,0.30,8.800,Al Bayda,البيضاء,14
2017-06-23,Aden,5799,41,0.70,6.100,Aden,عدن,24
2017-06-23,Abyan,3762,21,0.60,6.200,Abyan,أبين,12
2017-06-23,Raymah,3747,63,1.70,5.900,Raymah,ريمة,31
2017-06-23,Lahj,2170,12,0.60,2.100,Lahj,لحج,25
2017-06-23,Al_Jawf,1070,9,0.80,1.600,Al Jawf,الجوف,16
2017-06-23,Ma'areb,629,4,0.60,1.700,Marib,مأرب,26
2017-06-23,Sa'ada,253,1,0.40,0.300,Sa'ada,صعدة,22
2017-06-23,AL Mahrah,178,1,0.60,1.100,Al Maharah,المهرة,28
2017-06-23,Shabwah,70,0,0.00,0.100,Shabwah,شبوة,21
2017-06-22,Amanat Al Asimah,30882,53,0.20,0.930,Amanat Al Asimah,أمانة العاصمة,13
2017-06-22,Al-Hudaydah,23944,137,0.60,0.720,Al Hudaydah,الحديدة,18
2017-06-22,Amran,20703,131,0.60,1.350,Amran,عمران,29
2017-06-22,Hajjah,20206,188,0.90,0.910,Hajjah,حجة,17
2017-06-22,Sana'a,16155,92,0.60,1.290,Sana'a,صنعاء,23
2017-06-22,Taizz,15084,111,0.70,0.500,Taizz,تعز,15
2017-06-22,Ibb,14778,183,1.20,0.480,Ibb,إب,11
2017-06-22,Dhamar,10234,87,0.90,0.480,Dhamar,ذمار,20
2017-06-22,Al Mahwit,9744,77,0.80,1.280,Al Mahwit,المحويت,27
2017-06-22,Al Dhale'e,7593,39,0.50,1.010,Al Dhale'e,الضالع,30
2017-06-22,Al Bayda,6667,18,0.30,0.870,Al Bayda,البيضاء,14
2017-06-22,Aden,5634,40,0.70,0.590,Aden,عدن,24
2017-06-22,Abyan,3635,21,0.60,0.590,Abyan,أبين,12
2017-06-22,Raymah,3485,61,1.80,0.550,Raymah,ريمة,31
2017-06-22,Lahj,2163,12,0.60,0.210,Lahj,لحج,25
2017-06-22,Al_Jawf,1006,9,0.90,0.160,Al Jawf,الجوف,16
2017-06-22,Ma'areb,594,4,0.70,0.170,Marib,مأرب,26
2017-06-22,Sa'ada,253,1,0.40,0.030,Sa'ada,صعدة,22
2017-06-22,AL Mahrah,165,1,0.60,0.100,Al Maharah,المهرة,28
2017-06-22,Shabwah,58,0,0.00,0.010,Shabwah,شبوة,21
2017-06-21,Amanat Al Asimah,30178,53,0.20,9.100,Amanat Al Asimah,أمانة العاصمة,13
2017-06-21,Al-Hudaydah,22894,125,0.50,6.800,Al Hudaydah,الحديدة,18
2017-06-21,Amran,19965,129,0.60,13.100,Amran,عمران,29
2017-06-21,Hajjah,18951,187,1.00,8.500,Hajjah,حجة,17
2017-06-21,Sana'a,15251,87,0.60,12.200,Sana'a,صنعاء,23
2017-06-21,Taizz,14513,108,0.70,4.800,Taizz,تعز,15
2017-06-21,Ibb,14088,178,1.30,4.600,Ibb,إب,11
2017-06-21,Dhamar,9815,86,0.90,4.600,Dhamar,ذمار,20
2017-06-21,Al Mahwit,9466,77,0.80,12.400,Al Mahwit,المحويت,27
2017-06-21,Al Dhale'e,7582,39,0.50,10.100,Al Dhale'e,الضالع,30
2017-06-21,Al Bayda,6503,18,0.30,8.400,Al Bayda,البيضاء,14
2017-06-21,Aden,5470,40,0.70,5.700,Aden,عدن,24
2017-06-21,Abyan,3309,21,0.60,5.400,Abyan,أبين,12
2017-06-21,Raymah,3306,59,1.80,5.200,Raymah,ريمة,31
2017-06-21,Lahj,2147,12,0.60,2.000,Lahj,لحج,25
2017-06-21,Al_Jawf,934,9,1.00,1.400,Al Jawf,الجوف,16
2017-06-21,Ma'areb,517,3,0.60,1.400,Marib,مأرب,26
2017-06-21,Sa'ada,210,1,0.50,0.200,Sa'ada,صعدة,22
2017-06-21,AL Mahrah,151,1,0.70,0.900,Al Maharah,المهرة,28
2017-06-21,Shabwah,51,0,0.00,0.100,Shabwah,شبوة,21
2017-06-20,Amanat Al Asimah,29229,52,0.20,8.800,Amanat Al Asimah,أمانة العاصمة,13
2017-06-20,Al-Hudaydah,21938,117,0.50,6.600,Al Hudaydah,الحديدة,18
2017-06-20,Amran,19147,127,0.70,12.500,Amran,عمران,29
2017-06-20,Hajjah,18715,186,1.00,8.400,Hajjah,حجة,17
2017-06-20,Sana'a,15040,86,0.60,12.000,Sana'a,صنعاء,23
2017-06-20,Taizz,14113,102,0.70,4.700,Taizz,تعز,15
2017-06-20,Ibb,13865,174,1.30,4.500,Ibb,إب,11
2017-06-20,Dhamar,9340,85,0.90,4.400,Dhamar,ذمار,20
2017-06-20,Al Mahwit,9214,77,0.80,12.100,Al Mahwit,المحويت,27
2017-06-20,Al Dhale'e,7201,38,0.50,9.600,Al Dhale'e,الضالع,30
2017-06-20,Al Bayda,6087,18,0.30,7.900,Al Bayda,البيضاء,14
2017-06-20,Aden,5272,39,0.70,5.500,Aden,عدن,24
2017-06-20,Abyan,3305,21,0.60,5.400,Abyan,أبين,12
2017-06-20,Raymah,3199,58,1.80,5.000,Raymah,ريمة,31
2017-06-20,Lahj,2138,12,0.60,2.000,Lahj,لحج,25
2017-06-20,Al_Jawf,905,9,1.00,1.400,Al Jawf,الجوف,16
2017-06-20,Ma'areb,485,3,0.60,1.300,Marib,مأرب,26
2017-06-20,Sa'ada,165,0,0.00,0.200,Sa'ada,صعدة,22
2017-06-20,AL Mahrah,139,1,0.70,0.900,Al Maharah,المهرة,28
2017-06-20,Shabwah,51,0,0.00,0.100,Shabwah,شبوة,21
2017-06-19,Amanat Al Asimah,27825,51,0.20,8.400,Amanat Al Asimah,أمانة العاصمة,13
2017-06-19,Al-Hudaydah,21025,112,0.50,6.300,Al Hudaydah,الحديدة,18
2017-06-19,Amran,18311,123,0.70,12.000,Amran,عمران,29
2017-06-19,Hajjah,17439,181,1.00,7.900,Hajjah,حجة,17
2017-06-19,Sana'a,14646,83,0.60,11.700,Sana'a,صنعاء,23
2017-06-19,Taizz,13532,99,0.70,4.500,Taizz,تعز,15
2017-06-19,Ibb,13383,171,1.30,4.400,Ibb,إب,11
2017-06-19,Al Mahwit,9116,77,0.80,12.000,Al Mahwit,المحويت,27
2017-06-19,Dhamar,8902,84,0.90,4.200,Dhamar,ذمار,20
2017-06-19,Al Dhale'e,7041,36,0.50,9.300,Al Dhale'e,الضالع,30
2017-06-19,Al Bayda,6085,18,0.30,7.900,Al Bayda,البيضاء,14
2017-06-19,Aden,5053,38,0.80,5.300,Aden,عدن,24
2017-06-19,Abyan,3304,21,0.60,5.400,Abyan,أبين,12
2017-06-19,Raymah,3024,55,1.80,4.800,Raymah,ريمة,31
2017-06-19,Lahj,1925,8,0.40,1.800,Lahj,لحج,25
2017-06-19,Al_Jawf,856,9,1.10,1.300,Al Jawf,الجوف,16
2017-06-19,Ma'areb,485,3,0.60,1.300,Marib,مأرب,26
2017-06-19,Sa'ada,164,0,0.00,0.200,Sa'ada,صعدة,22
2017-06-19,AL Mahrah,123,1,0.80,0.800,Al Maharah,المهرة,28
2017-06-19,Shabwah,47,0,0.00,0.100,Shabwah,شبوة,21
2017-06-18,Amanat Al Asimah,27134,51,0.20,8.200,Amanat Al Asimah,أمانة العاصمة,13
2017-06-18,Al-Hudaydah,20182,110,0.50,6.030,Al Hudaydah,الحديدة,18
2017-06-18,Amran,17561,120,0.70,11.480,Amran,عمران,29
2017-06-18,Hajjah,17431,181,1.00,7.850,Hajjah,حجة,17
2017-06-18,Sana'a,14149,83,0.60,11.310,Sana'a,صنعاء,23
2017-06-18,Taizz,13194,92,0.70,4.350,Taizz,تعز,15
2017-06-18,Ibb,12832,163,1.30,4.190,Ibb,إب,11
2017-06-18,Al Mahwit,8822,77,0.90,11.600,Al Mahwit,المحويت,27
2017-06-18,Dhamar,8489,81,1.00,4.000,Dhamar,ذمار,20
2017-06-18,Al Dhale'e,6802,36,0.50,9.030,Al Dhale'e,الضالع,30
2017-06-18,Al Bayda,5963,18,0.30,7.740,Al Bayda,البيضاء,14
2017-06-18,Aden,4699,37,0.80,4.910,Aden,عدن,24
2017-06-18,Abyan,3194,21,0.70,5.220,Abyan,أبين,12
2017-06-18,Raymah,3019,55,1.80,4.760,Raymah,ريمة,31
2017-06-18,Lahj,1900,8,0.40,1.810,Lahj,لحج,25
2017-06-18,Al_Jawf,841,9,1.10,1.300,Al Jawf,الجوف,16
2017-06-18,Ma'areb,456,3,0.70,1.270,Marib,مأرب,26
2017-06-18,Sa'ada,163,0,0.00,0.180,Sa'ada,صعدة,22
2017-06-18,AL Mahrah,110,1,0.90,0.680,Al Maharah,المهرة,28
2017-06-18,Shabwah,35,0,0.00,0.050,Shabwah,شبوة,21
2017-06-17,Amanat Al Asimah,26126,49,0.20,7.900,Amanat Al Asimah,أمانة العاصمة,13
2017-06-17,Al-Hudaydah,19181,106,0.60,5.730,Al Hudaydah,الحديدة,18
2017-06-17,Amran,16832,115,0.70,11.000,Amran,عمران,29
2017-06-17,Hajjah,16655,181,1.10,7.500,Hajjah,حجة,17
2017-06-17,Sana'a,13690,78,0.60,10.940,Sana'a,صنعاء,23
2017-06-17,Taizz,12655,91,0.70,4.170,Taizz,تعز,15
2017-06-17,Ibb,11911,151,1.30,3.890,Ibb,إب,11
2017-06-17,Al Mahwit,8535,77,0.90,11.220,Al Mahwit,المحويت,27
2017-06-17,Dhamar,8082,80,1.00,3.810,Dhamar,ذمار,20
2017-06-17,Al Dhale'e,5999,31,0.50,7.960,Al Dhale'e,الضالع,30
2017-06-17,Al Bayda,5963,18,0.30,7.740,Al Bayda,البيضاء,14
2017-06-17,Aden,4484,37,0.80,4.690,Aden,عدن,24
2017-06-17,Abyan,3094,21,0.70,5.060,Abyan,أبين,12
2017-06-17,Raymah,2688,45,1.70,4.240,Raymah,ريمة,31
2017-06-17,Lahj,1586,8,0.50,1.510,Lahj,لحج,25
2017-06-17,Al_Jawf,796,9,1.10,1.230,Al Jawf,الجوف,16
2017-06-17,Ma'areb,407,3,0.70,1.130,Marib,مأرب,26
2017-06-17,Sa'ada,158,0,0.00,0.180,Sa'ada,صعدة,22
2017-06-17,AL Mahrah,100,0,0.00,0.620,Al Maharah,المهرة,28
2017-06-17,Shabwah,18,0,0.00,0.030,Shabwah,شبوة,21
2017-06-14,Amanat Al Asimah,23436,47,0.20,7.080,Amanat Al Asimah,أمانة العاصمة,13
2017-06-14,Al-Hudaydah,16467,95,0.60,4.920,Al Hudaydah,الحديدة,18
2017-06-14,Amran,14937,112,0.70,9.760,Amran,عمران,29
2017-06-14,Hajjah,14466,146,1.00,6.520,Hajjah,حجة,17
2017-06-14,Sana'a,12225,73,6.00,9.770,Sana'a,صنعاء,23
2017-06-14,Taizz,11264,79,0.70,3.710,Taizz,تعز,15
2017-06-14,Ibb,10323,138,1.30,3.370,Ibb,إب,11
2017-06-14,Al Mahwit,7815,72,0.90,10.270,Al Mahwit,المحويت,27
2017-06-14,Dhamar,6847,69,1.00,3.230,Dhamar,ذمار,20
2017-06-14,Al Bayda,5477,18,0.30,7.110,Al Bayda,البيضاء,14
2017-06-14,Al Dhale'e,5107,29,0.60,6.780,Al Dhale'e,الضالع,30
2017-06-14,Aden,3649,31,0.80,3.810,Aden,عدن,24
2017-06-14,Abyan,2771,21,0.80,4.530,Abyan,أبين,12
2017-06-14,Raymah,2546,42,1.60,4.020,Raymah,ريمة,31
2017-06-14,Lahj,1476,8,0.50,1.400,Lahj,لحج,25
2017-06-14,Al_Jawf,718,8,1.10,1.110,Al Jawf,الجوف,16
2017-06-14,Ma'areb,357,1,0.30,0.990,Marib,مأرب,26
2017-06-14,Sa'ada,139,0,0.00,0.160,Sa'ada,صعدة,22
2017-06-14,AL Mahrah,78,0,0.00,0.480,Al Maharah,المهرة,28
2017-06-14,Shabwah,18,0,0.00,0.030,Shabwah,شبوة,21
2017-06-13,Amanat Al Asimah,22661,47,0.20,6.850,Amanat Al Asimah,أمانة العاصمة,13
2017-06-13,Al-Hudaydah,15642,94,0.60,4.680,Al Hudaydah,الحديدة,18
2017-06-13,Hajjah,14453,146,1.00,6.510,Hajjah,حجة,17
2017-06-13,Amran,14350,109,0.80,9.380,Amran,عمران,29
2017-06-13,Sana'a,11836,71,0.60,9.460,Sana'a,صنعاء,23
2017-06-13,Taizz,10710,77,0.70,3.530,Taizz,تعز,15
2017-06-13,Ibb,9996,136,1.40,3.260,Ibb,إب,11
2017-06-13,Al Mahwit,7634,70,0.90,10.040,Al Mahwit,المحويت,27
2017-06-13,Dhamar,6555,67,1.00,3.090,Dhamar,ذمار,20
2017-06-13,Al Bayda,5247,18,0.30,6.810,Al Bayda,البيضاء,14
2017-06-13,Al Dhale'e,5030,29,0.60,6.680,Al Dhale'e,الضالع,30
2017-06-13,Aden,3648,31,0.80,3.810,Aden,عدن,24
2017-06-13,Abyan,2675,21,0.80,4.380,Abyan,أبين,12
2017-06-13,Raymah,2281,41,1.80,3.600,Raymah,ريمة,31
2017-06-13,Lahj,1241,8,0.60,1.180,Lahj,لحج,25
2017-06-13,Al_Jawf,687,8,1.20,1.060,Al Jawf,الجوف,16
2017-06-13,Ma'areb,335,1,0.30,0.930,Marib,مأرب,26
2017-06-13,Sa'ada,138,0,0.00,0.160,Sa'ada,صعدة,22
2017-06-13,AL Mahrah,70,0,0.00,0.430,Al Maharah,المهرة,28
2017-06-13,Shabwah,18,0,0.00,0.030,Shabwah,شبوة,21
2017-06-12,Amanat Al Asimah,22113,42,0.20,6.680,Amanat Al Asimah,أمانة العاصمة,13
2017-06-12,Al-Hudaydah,14729,87,0.60,4.400,Al Hudaydah,الحديدة,18
2017-06-12,Amran,13828,106,0.80,9.040,Amran,عمران,29
2017-06-12,Hajjah,13626,146,1.10,6.140,Hajjah,حجة,17
2017-06-12,Sana'a,11142,69,0.60,8.910,Sana'a,صنعاء,23
2017-06-12,Taizz,9711,73,0.80,3.200,Taizz,تعز,15
2017-06-12,Ibb,9490,134,1.40,3.100,Ibb,إب,11
2017-06-12,Al Mahwit,7405,70,0.90,9.730,Al Mahwit,المحويت,27
2017-06-12,Dhamar,6314,61,1.00,2.980,Dhamar,ذمار,20
2017-06-12,Al Bayda,5048,18,0.40,6.550,Al Bayda,البيضاء,14
2017-06-12,Al Dhale'e,4857,26,0.50,6.450,Al Dhale'e,الضالع,30
2017-06-12,Aden,3648,31,0.80,3.810,Aden,عدن,24
2017-06-12,Abyan,2611,21,0.80,4.270,Abyan,أبين,12
2017-06-12,Raymah,2257,41,1.80,3.560,Raymah,ريمة,31
2017-06-12,Lahj,1239,8,0.60,1.180,Lahj,لحج,25
2017-06-12,Al_Jawf,646,8,1.20,1.000,Al Jawf,الجوف,16
2017-06-12,Ma'areb,319,1,0.30,0.890,Marib,مأرب,26
2017-06-12,Sa'ada,138,0,0.00,0.160,Sa'ada,صعدة,22
2017-06-12,AL Mahrah,46,0,0.00,0.280,Al Maharah,المهرة,28
2017-06-12,Shabwah,18,0,0.00,0.030,Shabwah,شبوة,21
2017-06-10,Amanat Al Asimah,21538,41,0.20,6.510,Amanat Al Asimah,أمانة العاصمة,13
2017-06-10,Al-Hudaydah,14107,87,0.60,4.220,Al Hudaydah,الحديدة,18
2017-06-10,Hajjah,13279,146,1.10,5.980,Hajjah,حجة,17
2017-06-10,Amran,13148,105,0.80,8.590,Amran,عمران,29
2017-06-10,Sana'a,10963,69,0.60,8.760,Sana'a,صنعاء,23
2017-06-10,Taizz,9172,68,0.70,3.020,Taizz,تعز,15
2017-06-10,Ibb,8623,129,1.50,2.810,Ibb,إب,11
2017-06-10,Al Mahwit,7126,70,1.00,9.370,Al Mahwit,المحويت,27
2017-06-10,Dhamar,6031,60,1.00,2.840,Dhamar,ذمار,20
2017-06-10,Al Bayda,4933,18,0.40,6.410,Al Bayda,البيضاء,14
2017-06-10,Al Dhale'e,4700,25,0.50,6.240,Al Dhale'e,الضالع,30
2017-06-10,Aden,3648,31,0.80,3.810,Aden,عدن,24
2017-06-10,Abyan,2480,21,0.80,4.060,Abyan,أبين,12
2017-06-10,Raymah,2099,37,1.80,3.310,Raymah,ريمة,31
2017-06-10,Lahj,1042,8,0.80,0.990,Lahj,لحج,25
2017-06-10,Al_Jawf,618,7,1.10,0.950,Al Jawf,الجوف,16
2017-06-10,Ma'areb,295,1,0.30,0.820,Marib,مأرب,26
2017-06-10,Sa'ada,136,0,0.00,0.150,Sa'ada,صعدة,22
2017-06-10,AL Mahrah,46,0,0.00,0.280,Al Maharah,المهرة,28
2017-06-10,Shabwah,18,0,0.00,0.030,Shabwah,شبوة,21
2017-06-07,Amanat Al Asimah,18887,39,0.20,5.710,Amanat Al Asimah,أمانة العاصمة,13
2017-06-07,Hajjah,11224,130,1.20,5.060,Hajjah,حجة,17
2017-06-07,Al-Hudaydah,11128,74,0.70,3.330,Al Hudaydah,الحديدة,18
2017-06-07,Amran,11124,94,0.80,7.270,Amran,عمران,29
2017-06-07,Sana'a,9194,59,0.60,7.350,Sana'a,صنعاء,23
2017-06-07,Taizz,7227,55,0.80,2.380,Taizz,تعز,15
2017-06-07,Al Mahwit,6196,68,1.10,8.140,Al Mahwit,المحويت,27
2017-06-07,Ibb,6041,111,1.80,1.970,Ibb,إب,11
2017-06-07,Dhamar,4845,55,1.10,2.280,Dhamar,ذمار,20
2017-06-07,Al Bayda,4250,14,0.30,5.520,Al Bayda,البيضاء,14
2017-06-07,Al Dhale'e,3428,19,0.60,4.550,Al Dhale'e,الضالع,30
2017-06-07,Aden,2961,23,0.80,3.100,Aden,عدن,24
2017-06-07,Abyan,2171,17,0.80,3.550,Abyan,أبين,12
2017-06-07,Raymah,1525,25,1.60,2.410,Raymah,ريمة,31
2017-06-07,Lahj,724,5,0.70,0.690,Lahj,لحج,25
2017-06-07,Al_Jawf,513,5,1.00,0.790,Al Jawf,الجوف,16
2017-06-07,Ma'areb,245,1,0.40,0.680,Marib,مأرب,26
2017-06-07,Sa'ada,125,0,0.00,0.140,Sa'ada,صعدة,22
2017-06-07,Shabwah,12,0,0.00,0.020,Shabwah,شبوة,21
2017-06-04,Amanat Al Asimah,16386,37,0.20,4.950,Amanat Al Asimah,أمانة العاصمة,13
2017-06-04,Hajjah,9864,102,1.00,4.440,Hajjah,حجة,17
2017-06-04,Amran,9500,90,0.90,6.210,Amran,عمران,29
2017-06-04,Al-Hudaydah,9330,59,0.60,2.790,Al Hudaydah,الحديدة,18
2017-06-04,Sana'a,7992,56,0.70,6.390,Sana'a,صنعاء,23
2017-06-04,Taizz,5608,48,0.90,1.850,Taizz,تعز,15
2017-06-04,Al Mahwit,5514,63,1.10,7.250,Al Mahwit,المحويت,27
2017-06-04,Ibb,4274,85,2.00,1.390,Ibb,إب,11
2017-06-04,Dhamar,4060,52,1.30,1.910,Dhamar,ذمار,20
2017-06-04,Al Bayda,3837,13,0.30,4.980,Al Bayda,البيضاء,14
2017-06-04,Aden,2960,23,0.80,3.090,Aden,عدن,24
2017-06-04,Al Dhale'e,2802,14,0.50,3.720,Al Dhale'e,الضالع,30
2017-06-04,Abyan,1920,16,0.80,3.140,Abyan,أبين,12
2017-06-04,Raymah,1141,15,1.30,1.800,Raymah,ريمة,31
2017-06-04,Lahj,520,2,0.40,0.490,Lahj,لحج,25
2017-06-04,Al_Jawf,433,5,1.20,0.670,Al Jawf,الجوف,16
2017-06-04,Ma'areb,151,1,0.70,0.420,Marib,مأرب,26
2017-06-04,Sa'ada,118,0,0.00,0.130,Sa'ada,صعدة,22
2017-06-04,Shabwah,12,0,0.00,0.020,Shabwah,شبوة,21
2017-05-30,Amanat Al Asimah,13700,36,0.30,4.140,Amanat Al Asimah,أمانة العاصمة,13
2017-05-30,Hajjah,7143,70,1.00,3.220,Hajjah,حجة,17
2017-05-30,Amran,6977,76,1.10,4.560,Amran,عمران,29
2017-05-30,Al-Hudaydah,6865,41,0.60,2.050,Al Hudaydah,الحديدة,18
2017-05-30,Sana'a,6224,50,0.80,4.980,Sana'a,صنعاء,23
2017-05-30,Al Mahwit,4246,50,1.20,1.450,Al Mahwit,المحويت,27
2017-05-30,Taizz,4399,38,0.90,5.580,Taizz,تعز,15
2017-05-30,Dhamar,3033,44,1.50,4.070,Dhamar,ذمار,20
2017-05-30,Al Bayda,3136,11,0.40,1.430,Al Bayda,البيضاء,14
2017-05-30,Al Dhale'e,2371,11,0.50,0.840,Al Dhale'e,الضالع,30
2017-05-30,Ibb,2567,57,2.20,3.150,Ibb,إب,11
2017-05-30,Abyan,1587,16,1.00,2.600,Abyan,أبين,12
2017-05-30,Aden,1171,16,1.40,1.220,Aden,عدن,24
2017-05-30,Raymah,902,9,1.00,1.420,Raymah,ريمة,31
2017-05-30,Lahj,471,2,0.40,0.450,Lahj,لحج,25
2017-05-30,Al_Jawf,334,4,1.20,0.510,Al Jawf,الجوف,16
2017-05-30,Ma'areb,114,1,0.90,0.320,Marib,مأرب,26
2017-05-30,Sa'ada,106,0,0.00,0.120,Sa'ada,صعدة,22
2017-05-30,Shabwah,11,0,0.00,0.020,Shabwah,شبوة,21
2017-05-27,Amanat Al Asimah,12544,36,0.30,3.790,Amanat Al Asimah,أمانة العاصمة,13
2017-05-27,Hajjah,5980,62,1.00,2.690,Hajjah,حجة,17
2017-05-27,Amran,5972,57,1.00,3.900,Amran,عمران,29
2017-05-27,Sana'a,5383,46,0.90,4.300,Sana'a,صنعاء,23
2017-05-27,Al Mahwit,3594,45,1.30,4.720,Al Mahwit,المحويت,27
2017-05-27,Taizz,3394,30,0.90,1.120,Taizz,تعز,15
2017-05-27,Al Bayda,2536,8,0.30,3.290,Al Bayda,البيضاء,14
2017-05-27,Dhamar,2507,41,1.60,1.180,Dhamar,ذمار,20
2017-05-27,Al-Hudaydah,2463,40,1.60,0.740,Al Hudaydah,الحديدة,18
2017-05-27,Ibb,2177,57,2.60,0.710,Ibb,إب,11
2017-05-27,Al Dhale'e,1919,9,0.50,2.550,Al Dhale'e,الضالع,30
2017-05-27,Abyan,1365,15,1.10,2.230,Abyan,أبين,12
2017-05-27,Aden,793,12,1.50,0.830,Aden,عدن,24
2017-05-27,Raymah,761,8,1.10,1.200,Raymah,ريمة,31
2017-05-27,Lahj,328,1,0.30,0.310,Lahj,لحج,25
2017-05-27,Al_Jawf,271,3,1.10,0.420,Al Jawf,الجوف,16
2017-05-27,Sa'ada,86,0,0.00,0.100,Sa'ada,صعدة,22
2017-05-27,Ma'areb,59,1,1.70,0.160,Marib,مأرب,26
2017-05-27,Shabwah,8,0,0.00,0.010,Shabwah,شبوة,21
2017-05-22,Amanat Al Asimah,9216,33,0.40,2.790,Amanat Al Asimah,أمانة العاصمة,13
2017-05-22,Hajjah,4664,42,0.90,2.100,Hajjah,حجة,17
2017-05-22,Sana'a,3815,39,1.00,3.050,Sana'a,صنعاء,23
2017-05-22,Amran,3743,45,1.20,2.450,Amran,عمران,29
2017-05-22,Al Mahwit,2486,34,1.40,3.270,Al Mahwit,المحويت,27
2017-05-22,Taizz,1791,23,1.30,0.590,Taizz,تعز,15
2017-05-22,Dhamar,1617,33,2.00,0.760,Dhamar,ذمار,20
2017-05-22,Al Bayda,1498,6,0.40,1.950,Al Bayda,البيضاء,14
2017-05-22,Al Dhale'e,1401,8,0.60,1.860,Al Dhale'e,الضالع,30
2017-05-22,Al-Hudaydah,1397,32,2.30,0.420,Al Hudaydah,الحديدة,18
2017-05-22,Ibb,1378,37,2.70,0.450,Ibb,إب,11
2017-05-22,Abyan,1068,10,0.90,1.750,Abyan,أبين,12
2017-05-22,Raymah,549,4,0.70,0.870,Raymah,ريمة,31
2017-05-22,Aden,489,12,2.50,0.510,Aden,عدن,24
2017-05-22,Al_Jawf,189,3,1.60,0.290,Al Jawf,الجوف,16
2017-05-22,Lahj,168,0,0.00,0.160,Lahj,لحج,25
2017-05-22,Ma'areb,2,0,0.00,0.010,Marib,مأرب,26